original_node_id index_graph_node_id
0 910
0 1247
1 357
1 988
2 1818
3 1406
4 64
5 2081
5 1827
5 2101
5 2102
5 2071
6 2101
7 1047
7 1449
7 1501
8 1575
8 1724
8 1551
10 548
11 408
12 1153
12 1389
15 2097
15 2098
15 2099
16 750
17 261
17 582
18 878
18 910
19 286
19 830
20 681
21 880
21 997
22 489
24 1075
24 1035
25 1425
25 1410
26 1417
26 555
26 1310
27 1420
31 1527
31 1482
31 1663
32 829
33 450
34 2086
36 1649
37 960
40 2083
41 1443
41 1643
42 1586
42 1621
42 765
42 1693
43 2086
44 1857
44 2065
44 1284
44 2020
44 2068
44 2055
44 2071
44 2056
44 2025
44 1642
44 1181
45 147
47 747
49 73
50 1171
51 854
53 861
54 1835
55 1331
55 1799
55 1416
57 423
62 534
65 2080
65 1906
65 1987
65 1620
65 982
65 1335
65 1415
65 2071
65 2087
66 1908
66 2055
66 2071
67 2086
68 764
69 1575
72 1867
73 979
74 486
76 844
77 1218
77 1187
77 1525
78 172
79 228
80 262
81 647
82 503
82 713
83 1019
84 46
85 2034
85 788
85 885
85 966
85 892
85 1805
85 1837
86 409
87 1600
87 1601
87 55
87 862
87 1342
87 79
88 1442
88 1286
88 472
88 1055
89 2083
90 1455
91 2034
91 1837
93 411
93 590
94 768
94 832
94 901
94 2021
94 1095
94 1833
95 629
95 718
96 1833
97 1827
97 2101
97 2102
97 904
98 1012
101 2064
101 1569
101 1848
101 1469
102 1681
102 996
102 1622
102 1702
102 520
102 1480
102 1897
102 1853
103 2066
103 1891
103 964
103 2071
103 1913
103 831
104 272
105 1475
105 920
105 1517
106 1953
106 1666
106 1762
106 873
106 2027
106 1040
106 1522
106 2067
106 1908
106 2036
106 1879
106 2071
106 1435
106 1183
108 731
109 1073
109 931
109 1193
110 339
112 1205
112 1542
112 1708
113 539
114 358
116 482
117 1696
117 2081
117 1523
117 2101
117 2022
117 2102
117 2071
117 2028
117 2062
118 980
119 1795
119 1796
119 373
119 1545
119 1131
119 1501
120 310
120 93
121 2080
121 2071
122 2085
123 756
124 1175
126 1332
126 997
128 578
129 28
131 1819
133 788
135 772
137 2024
138 1459
138 1132
139 775
140 1068
141 2047
145 403
145 1395
146 1769
146 1865
147 867
147 783
149 79
150 2037
150 2046
151 1860
151 1414
152 993
153 1857
153 2019
153 1482
153 1514
153 1994
153 749
153 1581
153 1850
153 2042
153 1659
153 1405
153 30
153 1887
155 2064
156 1444
157 44
157 2092
157 989
157 1823
157 2095
159 480
161 776
161 1498
163 833
163 166
163 1305
164 501
165 980
166 1980
166 2030
167 1158
168 195
168 69
168 122
169 2086
170 301
171 1486
172 1201
172 1505
172 1238
173 872
174 751
177 331
178 1142
179 1842
179 1988
179 889
179 1884
180 1442
180 1463
181 418
182 497
182 712
182 1497
182 157
182 1581
183 861
184 2082
185 483
186 889
187 1600
187 1399
187 1291
187 1342
187 735
189 2051
189 2067
189 356
189 1253
189 2071
190 770
190 1604
190 2023
190 1833
190 858
190 1354
190 861
190 1981
191 1425
191 1607
191 463
192 2022
192 1945
194 964
194 1063
195 828
196 2072
197 1463
198 980
198 810
200 1297
201 2100
202 929
202 1395
202 948
202 1109
202 1804
203 864
204 1282
204 840
207 76
208 1411
209 1516
209 1710
211 725
212 346
213 747
215 1648
215 1412
216 328
216 601
218 1556
219 1416
221 1818
221 1550
222 1191
223 1846
223 1497
223 1372
223 189
224 18
224 542
227 1570
227 2053
227 1254
227 1928
227 1644
227 1677
227 302
227 1550
227 1870
227 1425
227 1617
227 404
227 1941
227 1174
227 2038
227 1786
227 1917
227 2045
227 1566
228 1829
228 2047
229 343
229 686
230 788
232 775
233 553
234 1030
235 2024
236 1121
236 212
236 1591
236 1833
236 1579
236 1931
236 1405
236 2015
237 1049
238 721
239 2092
239 2095
240 1474
240 1602
240 1400
240 1466
240 1818
240 1883
240 1052
241 856
241 1327
242 374
243 216
245 914
245 1525
247 770
248 1496
249 1415
249 1211
249 1435
250 976
250 2017
250 1860
250 1061
250 2101
250 2102
250 1863
250 2090
250 1452
251 1395
251 1198
251 1534
253 2038
253 1786
253 2030
255 806
256 1317
256 1448
256 795
257 584
258 864
258 786
258 28
259 2019
259 2040
261 1454
262 1328
262 3
262 181
262 954
263 1729
263 1685
263 54
263 620
263 1660
263 1758
263 399
264 1511
265 944
265 1302
265 1451
267 146
267 732
268 1410
273 53
274 1055
275 575
276 637
278 950
278 1833
279 994
283 2072
284 1821
285 2025
286 1652
286 351
286 1455
289 2086
291 12
292 224
293 1334
293 1081
293 1422
294 126
295 121
296 737
296 648
296 267
299 1451
300 541
301 1827
302 1297
302 933
302 1957
302 2021
302 1833
302 1852
306 805
307 549
308 940
309 288
309 662
310 437
311 2097
311 2098
311 2099
312 2062
313 769
315 1558
316 891
317 324
317 1334
317 136
317 1081
317 123
317 187
317 494
317 1422
317 111
318 1528
319 1443
322 602
323 896
323 1186
323 262
323 1016
323 1020
323 477
324 979
326 1206
328 293
328 487
329 661
330 885
331 1503
331 1871
332 817
332 1255
332 1640
332 1768
332 1099
332 1659
332 1613
333 1
334 605
335 1840
335 2080
336 505
336 1404
337 178
338 2096
339 1818
339 830
340 2023
340 1833
340 794
340 858
341 1444
341 1543
341 923
342 1423
343 924
344 2064
345 1476
346 1833
347 778
348 1405
349 125
350 1844
350 2101
350 2102
352 2047
353 2060
354 2087
355 562
355 971
356 931
356 4
356 1476
356 990
356 1823
358 589
359 1454
362 796
363 70
364 1141
364 1835
364 1100
366 2097
366 2098
366 2099
367 1015
369 877
370 295
372 466
373 75
374 1697
374 1556
374 1800
374 1468
375 782
377 761
378 1184
378 842
378 1387
379 227
379 1819
380 2082
381 801
381 114
381 446
382 1874
382 1015
382 1959
382 2026
382 1595
382 1678
383 1248
383 2098
383 899
383 1977
385 729
386 1829
387 2092
387 2095
388 206
389 1492
389 1510
390 556
391 846
393 467
394 961
394 946
394 756
395 1552
395 1458
395 868
395 1943
395 1960
395 1818
398 772
399 855
400 989
401 93
402 877
403 1200
403 1402
403 975
405 2097
405 2098
405 2099
406 285
407 2097
407 2098
407 2099
408 1532
409 1584
409 1553
409 309
409 1717
409 1749
409 1752
409 1692
409 957
411 887
412 2073
413 1416
414 198
415 220
416 1837
417 1818
417 1996
417 1886
417 1983
419 808
420 1446
423 1830
423 1833
424 2100
425 337
426 2100
427 1633
427 541
428 1440
428 2080
428 2050
428 2087
428 2088
428 2066
428 1107
428 2067
428 982
428 1974
428 2071
428 1913
428 1947
428 831
428 1439
429 351
430 1875
431 71
432 1733
432 1449
432 300
432 1772
432 878
432 1006
432 1777
432 1042
432 1810
432 1747
432 852
432 854
432 1111
432 763
432 1115
434 1103
435 258
436 2081
436 2067
436 2020
436 2068
436 2101
436 2102
436 2071
436 2041
436 1867
436 2062
437 488
438 195
439 1730
439 1587
440 1449
440 1610
441 1092
442 1531
443 1864
444 2096
446 785
446 119
446 1223
447 1059
447 727
447 312
447 1112
447 381
447 1390
447 1295
448 103
451 1185
452 1458
453 838
453 988
454 595
454 644
454 1924
454 38
454 488
454 1897
454 1818
454 2014
454 1455
458 1826
458 186
458 1532
458 1548
458 1900
460 514
462 1986
462 1141
462 1509
462 1226
462 603
462 1835
462 751
462 1167
463 870
463 1320
465 929
465 789
467 88
468 1680
468 1841
468 2003
468 1188
468 1972
468 774
468 1838
469 192
470 2101
470 2102
471 1665
471 852
471 1449
472 2067
472 2020
472 2068
472 2055
472 2071
472 2056
472 2025
472 1642
472 191
473 1181
475 1871
477 1568
477 1638
477 1818
477 1005
477 1662
479 1987
479 1060
479 1701
479 1830
479 665
480 788
483 582
484 850
484 467
485 601
486 2096
487 1281
489 872
490 1108
491 1456
491 1711
492 434
493 714
494 1570
495 1763
495 1830
495 679
495 1515
495 1899
496 885
497 1843
497 1397
497 1621
497 1035
497 765
497 2029
499 1058
499 201
500 1411
500 1785
501 151
502 184
503 3
504 1484
505 535
506 656
507 946
507 924
508 115
509 1326
510 1185
510 1832
511 371
513 1056
513 1128
513 154
513 462
514 2079
515 27
516 1488
516 1489
516 1399
516 1149
518 2100
519 747
520 924
521 247
523 1906
523 1954
523 982
523 1415
523 1751
523 1818
523 1980
523 1999
524 802
525 99
525 548
526 956
527 795
527 1196
528 820
528 1159
528 1464
528 586
528 124
528 508
529 2101
529 2102
529 2071
529 2028
529 2062
530 286
531 1890
531 1971
531 1484
531 2046
532 2085
533 2051
533 2067
533 2071
533 1305
533 1418
534 912
535 1340
536 767
537 1113
537 831
538 1703
538 1464
539 406
540 1330
540 739
540 1291
541 2047
544 39
546 821
546 1338
546 783
547 1138
547 1447
547 1209
547 1833
548 2072
550 492
552 296
553 427
553 316
555 318
556 2092
556 2095
557 256
557 1283
557 788
557 1385
559 1361
559 1636
559 1802
559 430
559 1407
560 321
560 1272
560 106
560 1242
561 1447
562 1441
563 714
563 428
564 1526
564 1528
564 1819
565 1818
565 1967
566 85
567 1443
569 1552
569 1888
569 1013
569 1735
569 440
569 1499
569 1979
569 860
569 2093
569 31
569 207
570 2096
571 1056
572 2096
573 932
573 1449
573 1211
573 1435
574 752
575 771
576 324
579 1443
579 761
579 810
579 906
579 1565
581 2079
583 847
584 982
585 2071
586 449
586 1233
586 842
587 747
589 767
590 2096
591 547
592 329
593 1251
593 1732
593 1128
593 1402
593 1695
593 1807
594 1829
594 2047
595 2100
596 2096
597 333
598 2100
599 57
600 2100
603 951
604 1011
604 774
604 1366
604 1629
604 1838
605 1825
605 2049
605 2082
605 1027
605 1433
606 187
607 563
607 398
607 623
608 425
609 518
610 77
611 988
612 949
612 182
612 1368
612 649
614 716
615 1088
616 2093
617 1003
618 1440
618 1107
618 996
618 1614
619 993
619 1490
619 1609
619 1818
619 1163
619 1563
619 1964
619 1886
620 11
621 1425
621 1577
621 827
622 958
623 1654
623 1832
623 954
623 1818
623 1951
625 1085
626 2086
626 1836
628 16
630 1057
630 819
631 1152
632 939
635 1089
635 1510
635 1800
637 237
638 864
639 623
640 1080
641 434
641 613
642 650
643 158
644 215
645 1585
645 809
645 1419
649 679
651 1126
654 726
655 484
656 2017
656 1682
656 902
656 1414
656 1818
656 1645
656 1583
657 487
658 1021
659 1034
660 1425
661 830
662 1507
663 1560
663 1053
665 1316
665 1351
666 1001
666 12
666 783
668 1399
669 1031
670 1165
671 2073
671 1838
673 432
673 385
673 2081
673 148
673 1316
673 2101
673 1878
673 2102
673 2073
673 922
674 1827
674 1787
675 1206
676 657
677 712
677 638
678 1033
679 1478
680 282
681 1858
681 1827
681 941
681 1517
681 1231
681 400
681 1904
681 1685
681 1270
681 920
681 571
681 1182
681 1790
683 879
685 879
686 1828
687 2053
687 1566
688 693
689 1162
690 1114
691 1205
692 1516
693 1034
693 1374
694 814
697 743
699 18
701 1555
703 1794
703 1509
703 1783
703 298
703 699
703 1742
703 751
704 1397
704 1543
705 2093
706 2098
707 1491
707 2084
707 1830
707 2057
707 2092
707 1246
707 1503
707 1871
707 2095
708 598
708 924
710 760
710 1357
711 1503
714 91
715 566
716 1818
716 1195
716 1819
717 1866
717 1516
717 1199
718 736
720 1260
721 1507
723 1651
723 1029
723 951
723 667
723 1467
724 1396
726 1833
726 940
726 1484
727 1792
727 1123
727 1435
728 110
730 228
732 751
734 1825
734 1027
734 1433
735 1528
736 1395
737 1441
737 1635
737 2101
738 2086
739 2102
740 1848
740 1853
741 1122
741 1512
741 1577
741 75
741 1308
742 752
742 1250
742 1956
742 1589
742 1927
742 1818
742 158
742 1550
743 1250
743 1286
744 274
744 222
746 1857
746 2019
746 1668
746 405
746 2054
746 749
746 1581
746 1007
747 142
749 1713
749 1446
750 1520
750 1632
750 1728
750 1704
750 1641
750 1403
750 174
751 588
752 885
753 2081
754 1171
756 321
757 2092
758 1054
760 19
762 822
763 965
763 1787
763 1597
764 1361
764 1276
767 2085
768 906
769 2079
770 1006
771 243
772 1821
773 1143
773 744
773 1372
774 643
774 489
775 2080
775 1841
775 2071
775 2087
775 1085
776 2080
776 2071
776 2087
778 2097
778 2098
778 2099
779 1099
782 747
784 1828
784 1594
785 2079
786 1432
788 1345
788 1156
789 2054
790 803
790 1398
791 57
791 1274
791 767
792 1490
792 981
792 1177
793 179
793 110
795 706
795 997
796 2100
798 338
799 1840
799 2080
799 1666
799 2036
799 1893
799 2071
800 798
802 1173
804 1022
806 1617
806 386
806 1667
806 1574
806 377
806 1755
806 557
806 1039
807 97
807 1553
807 786
807 790
807 840
807 697
807 745
807 1577
807 938
807 1118
808 44
810 1012
812 354
812 1367
812 1070
812 895
814 849
815 1484
816 1827
816 1830
816 551
816 935
816 1068
816 558
816 719
816 1395
816 1971
816 245
816 1557
816 918
816 1823
817 676
820 47
821 447
822 133
823 2092
823 2095
824 2078
824 2079
825 1160
825 1116
825 830
827 2006
827 1912
827 1994
827 1676
827 797
827 1405
827 1934
827 2015
829 1271
829 797
831 1446
832 2100
833 2022
836 2047
837 1486
838 1236
838 1098
839 1449
839 1084
839 927
840 1248
840 1173
841 1084
843 841
844 450
844 1287
844 1325
844 1278
846 1202
846 851
846 1444
846 1541
846 923
847 2099
850 398
851 920
854 668
855 127
857 1828
857 1594
859 1516
860 382
861 1312
861 1159
862 1114
863 1114
864 1268
864 1801
864 1466
864 333
864 1293
865 817
865 1892
865 1830
865 1640
865 1578
865 1435
866 1395
866 935
866 1079
866 1609
866 1370
866 1356
866 1198
866 63
867 827
868 1446
870 160
870 192
871 680
872 454
873 1171
873 230
874 275
876 1499
877 293
877 1717
877 1686
877 1718
877 1063
877 1771
877 876
877 237
877 957
878 1478
878 1818
878 1500
879 1262
880 363
881 289
882 2071
884 969
885 2093
886 576
887 839
888 456
889 1453
890 927
891 1459
891 1132
894 616
894 857
894 1134
895 1009
896 893
897 209
897 568
900 544
901 468
901 1604
902 817
903 83
904 847
905 1889
905 52
905 1848
906 1090
906 1127
907 1094
907 1067
909 852
909 1449
909 1726
910 234
911 887
912 901
913 50
913 1862
913 1818
914 240
914 1458
914 1818
915 756
916 893
917 2056
918 145
919 1236
919 150
919 295
919 681
919 1466
919 908
920 580
920 585
922 850
922 2019
922 1958
924 1566
925 2080
925 801
925 2066
925 2087
925 1913
925 926
927 512
930 422
931 1452
932 839
932 1593
932 1531
933 1511
934 901
935 269
937 1432
938 739
939 992
939 1088
939 536
939 1466
939 1562
939 1818
939 1359
940 238
941 1665
941 1428
941 1493
941 1830
941 1559
941 492
941 13
941 621
942 851
942 1459
942 1541
942 1709
943 827
944 420
945 249
946 1442
947 719
948 1082
950 2053
951 1622
952 1989
952 569
952 1818
952 1964
952 1998
954 1042
954 1810
954 1716
954 1589
954 875
954 1470
956 2021
956 1833
957 272
957 597
958 255
959 207
960 638
962 1412
962 1780
962 1812
962 1049
965 454
966 1233
966 773
967 762
968 755
969 1058
969 924
970 992
970 1568
970 1714
970 1736
970 1385
970 1466
970 1562
970 1818
970 1359
971 912
971 1601
971 1540
971 1818
971 779
971 1260
972 923
973 998
973 1466
973 1818
973 1518
974 2060
975 993
975 1382
975 1510
975 346
975 1818
975 1563
976 1159
977 1452
979 1634
979 1549
979 1534
979 639
981 1312
981 690
981 1139
983 2023
984 473
985 1494
985 1863
985 1224
985 987
986 1490
986 1177
988 2018
989 2060
990 220
992 68
993 1557
993 1468
994 942
995 82
995 1172
995 1477
995 1833
995 122
995 972
995 1278
996 1431
997 1421
998 884
999 1476
1000 751
1002 2101
1002 2102
1002 91
1003 928
1003 979
1004 152
1005 15
1006 1457
1007 1398
1007 1783
1007 810
1007 1565
1007 1502
1007 1710
1007 1807
1008 959
1009 2100
1011 1218
1011 1986
1011 1187
1011 1509
1011 1866
1011 1516
1011 751
1011 1199
1011 1104
1011 914
1011 2002
1011 1525
1011 1656
1011 734
1011 1151
1012 315
1013 1141
1014 1491
1014 2084
1014 2057
1014 2092
1014 1503
1014 1871
1014 2095
1016 2019
1018 2082
1020 1842
1021 677
1022 1540
1023 1122
1023 1512
1023 1864
1023 269
1024 2097
1024 2098
1024 2099
1025 1013
1026 1402
1027 931
1029 470
1030 2092
1030 2095
1031 2096
1032 132
1033 1425
1033 1315
1033 1460
1033 1780
1033 1049
1033 1481
1033 814
1034 2079
1035 1536
1035 1818
1036 423
1038 768
1038 825
1039 1833
1039 635
1040 287
1041 2100
1042 956
1042 1535
1043 1796
1043 1654
1043 1131
1044 836
1044 1558
1044 1766
1044 1243
1044 1694
1045 1200
1045 1402
1046 530
1046 455
1046 329
1046 491
1046 575
1048 2097
1048 1570
1048 1586
1048 2098
1048 2099
1048 1428
1048 1870
1050 1349
1050 15
1050 1071
1051 2100
1052 31
1053 1864
1054 834
1055 796
1056 794
1057 1020
1058 1864
1059 2093
1060 22
1061 1397
1062 1443
1062 1765
1062 1449
1062 1119
1063 2096
1063 911
1064 2080
1064 1779
1064 2101
1064 726
1064 2102
1064 2071
1064 1273
1064 1037
1064 382
1064 2063
1064 2079
1065 2060
1066 888
1067 903
1068 537
1069 150
1070 845
1072 947
1072 1004
1073 552
1074 813
1075 808
1075 525
1076 1008
1077 2053
1077 89
1077 126
1077 1566
1078 2080
1078 145
1078 1521
1078 2033
1078 2066
1078 1620
1078 2071
1078 1865
1078 1932
1078 173
1079 277
1080 965
1081 834
1082 2083
1083 850
1084 1633
1084 1673
1084 686
1084 1023
1085 181
1086 1763
1086 1060
1086 1701
1088 442
1089 1019
1091 2065
1091 2071
1091 2056
1091 1867
1091 1453
1092 868
1092 741
1092 1157
1095 1430
1096 1045
1097 1328
1097 758
1099 1442
1099 2082
1099 1962
1099 956
1099 349
1099 1535
1100 1821
1102 23
1103 2101
1103 2102
1104 189
1105 344
1106 856
1106 1432
1106 1166
1107 1200
1107 1402
1107 975
1108 1237
1109 1162
1113 2100
1114 528
1114 81
1114 380
1116 1499
1117 2086
1118 359
1119 1452
1120 855
1122 2078
1122 2079
1123 880
1124 258
1125 1678
1126 702
1127 1035
1128 1782
1128 1863
1128 1879
1128 874
1128 1818
1128 1244
1128 1965
1129 433
1129 1362
1129 1333
1129 895
1131 1450
1132 1143
1132 1834
1132 1548
1132 1900
1133 1536
1133 1650
1134 1537
1134 453
1134 2024
1134 1033
1134 1579
1134 1931
1134 1995
1134 1554
1134 1683
1134 1300
1134 1556
1134 1591
1134 1596
1134 1407
1135 579
1136 381
1137 1491
1137 2083
1137 2084
1137 2057
1139 920
1140 889
1140 1884
1140 1246
1140 1503
1140 1871
1141 1024
1142 2
1144 921
1145 1048
1146 1232
1146 2032
1146 830
1146 1935
1147 2032
1148 986
1149 296
1150 963
1150 1300
1151 1016
1152 751
1153 1664
1153 341
1153 1414
1153 937
1153 140
1153 493
1155 851
1156 788
1158 636
1160 2096
1162 52
1164 1846
1165 1858
1165 920
1165 1818
1165 1517
1167 1585
1167 1794
1167 420
1167 1684
1167 1590
1167 1127
1167 1774
1167 687
1167 1759
1168 675
1168 1605
1168 775
1168 955
1169 2097
1169 2098
1169 2099
1170 1559
1170 1435
1171 250
1172 955
1173 1412
1173 1205
1173 1708
1175 1094
1176 320
1176 1712
1176 1985
1176 1818
1176 815
1176 1567
1177 65
1177 911
1178 347
1179 119
1180 785
1180 1201
1180 1505
1180 612
1180 1238
1180 1817
1180 1690
1180 1612
1180 1854
1180 1902
1180 767
1180 1759
1181 515
1182 2018
1183 1458
1184 971
1184 1039
1185 1921
1185 306
1185 1827
1185 1893
1185 214
1185 1895
1185 264
1185 1438
1186 1516
1187 2093
1188 1905
1188 1985
1188 1571
1188 116
1188 1830
1188 2008
1188 1214
1188 1567
1191 144
1191 752
1191 784
1191 1078
1191 1830
1191 1927
1191 573
1192 2097
1192 2045
1192 1870
1193 516
1193 942
1194 2085
1196 1515
1197 388
1198 1413
1198 1818
1198 1022
1199 1436
1200 1597
1201 1359
1202 860
1203 672
1203 661
1203 71
1203 1272
1203 1405
1203 1087
1207 1689
1208 2048
1209 2100
1210 978
1210 1859
1210 949
1210 103
1211 1478
1211 1818
1211 1500
1212 336
1212 276
1213 1633
1213 1750
1213 26
1214 705
1215 1568
1215 1423
1217 485
1218 944
1219 225
1220 510
1224 1830
1224 1958
1224 1934
1225 1136
1225 786
1225 521
1226 2097
1226 2098
1226 2099
1228 865
1228 1125
1228 311
1230 1874
1230 2100
1230 2026
1231 804
1231 1413
1231 1415
1231 200
1231 1609
1231 236
1231 1676
1231 685
1231 691
1231 1654
1231 2006
1231 1306
1231 1818
1231 1403
1231 317
1232 667
1233 1296
1233 1921
1233 291
1233 2024
1233 58
1233 1674
1233 1818
1233 413
1235 2060
1236 2087
1237 2093
1238 1833
1239 1842
1240 979
1241 1988
1241 1830
1241 183
1241 1241
1241 1294
1243 335
1244 857
1245 85
1245 1461
1245 1738
1246 1430
1249 680
1249 221
1250 1265
1250 1889
1250 2051
1250 2027
1250 1215
1251 1235
1251 1402
1253 595
1254 244
1254 461
1256 1506
1257 1442
1257 1054
1258 768
1259 25
1259 348
1260 1848
1260 1150
1261 322
1261 365
1262 882
1262 1640
1262 1627
1263 1124
1263 805
1263 1818
1264 1698
1264 1395
1264 1668
1264 1109
1265 769
1266 2081
1266 1844
1266 2101
1266 2102
1266 2071
1266 1418
1266 1834
1268 1440
1268 1187
1268 1525
1268 1734
1268 1292
1268 1580
1268 1151
1269 1456
1270 586
1272 1412
1273 706
1274 1970
1274 68
1274 1511
1274 1657
1274 2063
1276 805
1277 2065
1278 777
1280 1400
1281 891
1282 1875
1283 577
1283 326
1284 2079
1286 806
1288 1456
1288 1874
1288 1015
1288 1863
1288 1959
1288 2026
1288 987
1288 1595
1288 2044
1288 1678
1291 861
1292 786
1292 1038
1293 1237
1295 2083
1296 794
1297 168
1298 981
1299 179
1299 278
1301 417
1302 1595
1304 587
1306 995
1306 1075
1308 469
1311 1167
1312 1020
1314 875
1315 1818
1316 430
1317 1089
1317 1153
1317 676
1317 1797
1317 646
1317 1510
1317 297
1318 2052
1318 2079
1319 775
1320 2086
1321 1173
1322 73
1322 426
1323 252
1325 815
1326 603
1327 653
1327 2029
1328 1462
1328 456
1328 1752
1328 1498
1328 159
1329 1490
1329 1543
1331 791
1331 999
1331 1817
1331 1740
1331 1421
1331 1773
1332 410
1333 1569
1334 974
1335 2079
1336 791
1337 532
1338 845
1340 1443
1341 156
1342 1558
1343 802
1343 1653
1343 1420
1345 202
1348 2100
1349 793
1350 72
1353 80
1353 930
1353 164
1353 1193
1353 1323
1353 1020
1354 1555
1355 369
1356 355
1356 435
1356 1827
1356 2068
1356 1438
1357 645
1359 1864
1361 1106
1361 777
1361 1453
1365 1498
1365 1454
1366 1579
1367 2079
1368 1552
1368 1013
1369 511
1370 1266
1370 783
1371 1857
1371 1066
1372 1476
1373 1074
1374 1029
1376 1859
1376 1542
1376 1622
1376 634
1376 1530
1376 1853
1377 665
1378 2026
1380 481
1382 841
1383 1264
1383 1190
1383 409
1383 1099
1383 943
1384 2060
1385 500
1385 424
1386 915
1386 1599
1387 387
1387 614
1387 1350
1387 904
1387 857
1387 590
1388 312
1390 1445
1390 1519
1392 2048
1394 2099
1396 998
1397 799
1400 2017
1400 663
1400 1032
1400 1849
1400 1434
1400 1818
1400 1820
1400 1261
1400 1967
1401 833
1401 1202
1402 809
1403 165
1404 906
1405 788
1405 1146
1406 306
1406 283
1407 1026
1407 2052
1407 1401
1407 2079
1409 1495
1409 252
1409 1743
1409 1775
1410 501
1410 315
1410 908
1411 838
1412 1153
1412 905
1412 1022
1413 1675
1414 124
1415 294
1417 208
1418 468
1419 2101
1419 2102
1420 791
1421 226
1421 1955
1421 1764
1421 1062
1421 1753
1421 1961
1421 1818
1421 1996
1422 235
1423 432
1424 694
1425 38
1426 226
1427 1399
1427 1818
1427 1742
1427 2014
1428 87
1429 1602
1429 1816
1430 267
1431 257
1431 10
1432 1479
1433 1232
1433 1281
1433 999
1433 1479
1433 1256
1433 1817
1433 971
1433 1612
1433 1740
1433 61
1433 1421
1433 1773
1434 1027
1435 2083
1436 2083
1437 61
1438 2078
1438 2079
1439 1829
1441 930
1441 1162
1441 1262
1441 1391
1442 1466
1442 1275
1445 1681
1445 549
1445 120
1445 1469
1446 1718
1446 957
1446 2047
1447 977
1448 171
1449 386
1451 2071
1453 1395
1453 948
1453 918
1453 1198
1455 863
1456 1458
1458 317
1459 107
1460 701
1461 1410
1462 883
1463 21
1464 1024
1464 1410
1464 883
1464 1923
1464 1877
1464 1973
1464 1191
1464 1144
1464 1528
1464 441
1465 1062
1467 1826
1468 2083
1470 933
1472 464
1472 1429
1472 1782
1472 1113
1472 747
1472 1099
1472 1613
1472 1071
1473 1058
1473 1301
1474 2096
1475 869
1475 1337
1476 1154
1476 983
1477 646
1478 42
1479 1031
1482 1938
1482 1989
1482 1878
1483 1681
1483 866
1483 1699
1483 996
1483 107
1483 1614
1485 2098
1486 533
1488 1399
1488 1756
1490 609
1491 536
1492 1523
1493 1937
1493 1043
1493 1848
1493 1883
1493 1150
1494 211
1495 860
1498 994
1498 2089
1498 2093
1501 939
1503 431
1504 128
1504 133
1504 205
1505 1092
1505 1069
1506 2100
1507 1490
1507 1177
1508 239
1509 1446
1510 871
1510 1455
1511 1094
1512 2083
1512 1607
1512 1866
1513 2065
1513 978
1513 1859
1513 2020
1513 2071
1513 1882
1513 2077
1516 180
1517 148
1518 1399
1520 1818
1520 1195
1521 233
1523 1388
1523 1085
1524 259
1524 1413
1524 328
1524 1992
1524 1707
1524 1388
1524 78
1524 559
1524 1872
1524 375
1524 1847
1524 1784
1524 1818
1524 415
1525 338
1525 997
1526 190
1527 96
1527 1216
1527 1636
1527 1437
1528 1414
1528 921
1528 937
1531 2071
1531 2063
1531 2079
1532 1026
1532 1366
1533 920
1534 872
1535 2097
1535 2098
1535 2099
1536 1041
1537 448
1537 820
1537 1542
1537 967
1537 1464
1537 217
1537 670
1537 1311
1540 583
1540 415
1541 2083
1543 1548
1543 1646
1544 800
1544 968
1545 1452
1546 2080
1546 2017
1546 994
1546 566
1546 2087
1546 2089
1546 2090
1546 2077
1547 514
1548 246
1549 1072
1549 796
1550 2085
1551 859
1553 2081
1553 2101
1553 2102
1553 2071
1553 2073
1553 1838
1553 2063
1553 2079
1554 1527
1554 1418
1554 1758
1555 1346
1555 88
1555 9
1555 1405
1555 1661
1556 752
1556 1002
1558 156
1559 2098
1559 2099
1560 948
1561 1425
1561 1410
1561 1973
1561 1369
1561 1818
1561 1867
1562 734
1563 2034
1564 444
1565 236
1566 837
1566 1592
1566 1818
1569 742
1570 1498
1571 1032
1571 1849
1572 2017
1572 1414
1572 1437
1572 1645
1573 499
1575 1501
1576 1138
1577 537
1577 861
1578 129
1580 153
1581 937
1582 438
1583 513
1585 1583
1586 105
1587 1228
1587 1086
1588 791
1588 1374
1589 1833
1591 1475
1591 1587
1591 1045
1591 1741
1591 1487
1592 1844
1593 1827
1593 1878
1593 1438
1593 319
1594 1616
1594 1426
1594 1003
1595 535
1595 1176
1595 943
1596 1424
1596 757
1596 1592
1596 1689
1596 1818
1596 1437
1597 1424
1597 1048
1597 986
1597 1533
1597 1645
1598 350
1599 2085
1600 801
1600 1556
1600 934
1600 1591
1600 1831
1600 1913
1600 1995
1600 1663
1601 1414
1602 559
1604 479
1605 22
1606 1208
1606 1835
1606 1597
1606 1167
1607 931
1607 1925
1607 777
1607 1915
1607 1453
1607 991
1607 1823
1608 2065
1608 1106
1608 777
1608 1834
1608 1915
1608 1453
1609 600
1610 349
1611 872
1613 1105
1613 486
1613 1291
1613 1356
1614 1856
1614 1652
1614 821
1614 1910
1614 1815
1614 1818
1614 204
1614 1630
1614 1839
1615 1160
1616 2097
1616 2098
1616 2099
1616 1720
1617 1008
1618 268
1619 9
1620 885
1621 1425
1622 1410
1622 1252
1622 1606
1622 1144
1622 60
1623 1453
1624 194
1624 239
1625 969
1627 1124
1627 1754
1627 1423
1629 1745
1629 989
1629 1823
1630 833
1632 1206
1633 642
1633 94
1634 640
1635 98
1635 533
1635 1112
1635 873
1635 1386
1635 332
1635 1373
1635 223
1636 369
1636 2034
1639 197
1640 1336
1640 1231
1641 2093
1642 323
1643 1577
1643 827
1643 1292
1643 1580
1644 1399
1645 650
1646 512
1647 1401
1650 931
1652 670
1653 1152
1653 2048
1653 2007
1653 1629
1654 194
1654 885
1654 1302
1655 1414
1655 921
1656 1666
1657 1521
1658 626
1659 316
1659 1852
1660 1638
1660 1577
1660 1770
1660 827
1661 1586
1661 1480
1662 288
1662 1072
1662 498
1662 918
1663 898
1663 100
1665 885
1667 1459
1667 1674
1669 1400
1669 1357
1670 1142
1671 1457
1674 1712
1674 1249
1674 1555
1674 900
1674 870
1674 1654
1674 954
1674 1818
1674 2010
1674 1966
1675 807
1676 1427
1676 155
1676 271
1676 1711
1677 1490
1677 1459
1677 1891
1677 1909
1677 2005
1677 1529
1677 2009
1677 1818
1677 2011
1677 1132
1677 1340
1677 973
1678 368
1679 2029
1680 1168
1680 1158
1680 1833
1680 507
1682 1170
1682 421
1682 1751
1682 1688
1682 1720
1682 1197
1683 888
1685 1649
1689 1573
1689 1542
1689 1756
1689 1630
1690 798
1691 433
1692 308
1692 916
1692 856
1692 1529
1692 1545
1692 1818
1693 809
1694 1050
1696 440
1697 881
1697 1553
1697 378
1698 54
1701 1224
1705 877
1706 1004
1707 2073
1708 1465
1708 1082
1708 1835
1708 1597
1709 1698
1709 870
1709 1818
1709 2010
1710 1371
1710 782
1711 1203
1711 845
1714 560
1714 817
1714 1731
1714 471
1714 1255
1714 1640
1714 396
1715 610
1716 208
1717 633
1718 797
1718 861
1720 2034
1720 1837
1722 2017
1722 2087
1722 2074
1723 567
1724 243
1724 982
1724 567
1724 1263
1726 807
1727 542
1728 21
1728 364
1729 1381
1729 1383
1729 216
1729 1225
1730 2027
1731 42
1732 848
1732 754
1732 1208
1732 894
1733 2080
1733 1781
1734 50
1734 476
1735 1043
1735 1166
1736 1525
1736 1607
1736 1866
1737 201
1739 945
1739 171
1740 1304
1741 1406
1742 29
1743 1158
1744 1875
1744 447
1745 1262
1746 2051
1747 1010
1748 1859
1748 949
1749 1765
1749 1687
1750 910
1751 969
1752 102
1752 762
1753 1416
1754 83
1754 134
1754 654
1755 529
1756 961
1756 1016
1757 1473
1757 1506
1758 2060
1759 1441
1759 1635
1759 2101
1759 2022
1759 2102
1759 2091
1760 1217
1760 1574
1760 1833
1760 1134
1760 1264
1760 1744
1760 2001
1760 626
1760 789
1760 1461
1760 1975
1760 1468
1760 1950
1761 886
1761 1190
1761 1336
1762 709
1762 1430
1762 1625
1762 1165
1762 798
1763 1394
1763 1700
1763 1189
1763 1399
1763 824
1763 1017
1763 1485
1764 1399
1764 824
1765 1299
1765 1290
1766 624
1766 1399
1766 879
1767 51
1767 1399
1768 1299
1768 1399
1768 1017
1768 1625
1768 1739
1768 1485
1768 879
1770 1637
1771 1457
1773 1716
1773 1767
1773 1626
1773 875
1774 593
1774 135
1774 139
1775 1364
1775 1383
1775 1353
1777 2093
1778 756
1778 1214
1779 806
1779 1194
1780 2052
1780 2079
1783 2101
1783 2102
1784 495
1785 973
1786 802
1788 865
1788 436
1789 838
1790 81
1790 717
1791 641
1791 137
1792 1056
1792 1185
1792 1832
1792 1896
1792 924
1793 522
1794 1143
1795 545
1796 1219
1796 1852
1797 1212
1797 845
1798 1853
1799 1465
1800 1456
1800 1575
1801 863
1804 926
1805 538
1806 2029
1806 1903
1808 1216
1808 909
1809 1914
1813 1424
1813 1445
1813 1048
1813 1644
1813 1647
1815 1478
1815 1500
1816 1536
1816 1249
1816 1142
1816 1687
1816 362
1816 1818
1816 1946
1816 863
1817 390
1818 1715
1818 916
1818 1813
1818 1207
1818 1529
1818 748
1818 605
1818 669
1819 7
1820 416
1821 1424
1821 757
1821 1437
1822 757
1823 1040
1823 465
1823 1377
1823 190
1824 1040
1824 1522
1824 1666
1824 1908
1824 1925
1824 2071
1824 602
1824 2075
1824 1868
1824 1694
1824 1823
1825 967
1826 664
1827 851
1828 401
1828 1818
1828 1723
1829 424
1829 569
1830 1835
1834 1023
1835 305
1836 2064
1837 1094
1838 1835
1839 292
1841 1504
1841 1476
1841 90
1841 234
1841 45
1841 1021
1841 1471
1843 330
1844 1335
1844 1244
1845 1478
1846 654
1847 331
1847 478
1848 112
1849 6
1850 697
1851 538
1851 700
1852 865
1854 1353
1854 1131
1855 464
1856 251
1857 1050
1858 225
1859 70
1862 909
1863 1889
1863 1045
1863 1834
1863 1741
1865 461
1866 1091
1866 1275
1867 1778
1867 855
1867 1581
1868 828
1869 425
1871 460
1872 843
1873 2096
1876 459
1878 2064
1879 2019
1879 1451
1881 885
1882 1440
1882 2067
1883 1745
1883 531
1883 584
1883 1770
1883 989
1883 1823
1888 2060
1888 1869
1890 962
1890 986
1890 907
1890 1564
1890 1533
1890 894
1891 1303
1891 846
1892 1680
1892 1768
1892 1561
1893 1032
1894 1153
1895 345
1896 865
1897 866
1898 1446
1899 921
1900 845
1900 1102
1901 1312
1901 231
1901 1405
1901 1087
1902 838
1903 1315
1903 1493
1903 1481
1903 1677
1905 1498
1906 463
1907 2061
1908 2017
1908 1914
1909 372
1909 588
1909 1164
1909 815
1910 1222
1911 223
1912 815
1914 1107
1915 1480
1916 1425
1917 830
1918 901
1919 327
1920 1612
1921 1824
1921 2000
1921 1955
1921 1797
1921 1542
1921 1495
1921 1719
1921 1848
1921 1150
1923 1440
1923 2081
1923 1859
1923 2051
1923 1672
1923 2088
1923 2027
1923 2059
1923 1522
1923 2067
1923 1908
1923 2101
1923 2102
1923 2071
1925 1002
1927 609
1927 340
1927 591
1928 1848
1930 1426
1930 1003
1932 758
1934 818
1935 2096
1937 1447
1937 1833
1937 1086
1938 1009
1938 1817
1938 1773
1939 1444
1939 1077
1939 842
1939 1628
1939 958
1940 2023
1940 841
1940 1929
1940 1615
1941 1821
1942 2101
1942 2102
1942 2071
1942 2040
1944 2055
1944 2025
1945 2097
1945 2098
1945 2099
1946 1953
1946 1954
1946 1123
1946 932
1946 1444
1946 1830
1946 1608
1946 1808
1946 594
1946 117
1946 1818
1946 923
1946 1435
1947 630
1949 2073
1950 1408
1950 1650
1950 147
1950 419
1950 1033
1950 1755
1950 572
1950 1596
1950 301
1951 828
1952 1520
1952 1681
1952 866
1953 1088
1953 936
1954 1513
1955 1154
1956 2018
1958 2064
1958 1569
1958 1848
1959 1188
1959 1102
1961 939
1962 621
1963 449
1964 596
1965 758
1966 1473
1966 1826
1966 1092
1966 1997
1967 1459
1967 828
1967 973
1967 367
1968 1450
1969 193
1969 690
1970 710
1971 1425
1971 1315
1971 1651
1971 1526
1972 1273
1972 876
1974 786
1974 965
1975 1145
1977 906
1978 598
1979 1527
1981 2099
1982 625
1983 1041
1983 1809
1983 7
1983 1399
1983 238
1984 1760
1984 849
1984 1446
1985 1105
1985 1399
1985 1290
1986 1604
1987 890
1987 1164
1987 798
1988 1189
1988 1142
1990 625
1991 366
1994 2081
1994 1844
1994 2101
1994 2102
1994 1834
1994 2027
1995 1436
1996 750
1997 2093
1999 2100
2001 1588
2001 1830
2001 1880
2001 1899
2002 224
2002 115
2002 1539
2002 564
2002 1252
2002 1590
2002 1606
2002 1607
2002 698
2002 363
2002 318
2003 1218
2004 2101
2004 2102
2005 571
2006 1110
2007 1088
2008 720
2009 767
2010 396
2011 1568
2011 1818
2012 1474
2012 835
2012 1468
2013 2096
2014 491
2015 1697
2015 1186
2015 131
2015 202
2015 715
2015 141
2015 1137
2015 402
2015 1618
2015 1492
2015 1684
2015 86
2015 1657
2015 1757
2016 2080
2017 759
2017 1560
2017 1053
2018 1570
2018 1956
2018 359
2018 1816
2018 1641
2018 1870
2019 63
2020 1873
2020 1875
2020 1637
2020 619
2021 389
2022 2019
2022 277
2022 1605
2022 1850
2022 395
2022 2043
2022 606
2023 995
2023 936
2024 356
2025 763
2025 1227
2029 753
2030 617
2031 1648
2031 1538
2031 1910
2031 1883
2032 2062
2033 791
2034 13
2035 897
2035 710
2035 1830
2035 1000
2035 1928
2035 1145
2035 1818
2035 2011
2035 1550
2035 1855
2036 800
2036 1505
2036 1857
2036 1012
2036 1028
2036 1460
2036 1818
2036 235
2036 814
2036 1518
2036 1854
2036 1631
2038 845
2039 1878
2039 2073
2039 1339
2040 945
2040 1320
2042 998
2043 896
2043 1155
2043 1365
2043 1318
2043 1047
2043 1257
2043 1196
2044 66
2045 1348
2045 215
2045 1096
2045 1227
2046 1123
2046 1103
2047 1041
2047 763
2048 1840
2048 2036
2048 1691
2048 1245
2049 1536
2049 1712
2049 1249
2049 900
2049 1876
2049 1687
2049 1818
2050 1712
2051 1404
2052 1176
2053 332
2057 1453
2058 98
2059 291
2060 1498
2061 1442
2061 771
2062 1848
2063 1267
2063 853
2063 830
2064 1125
2064 839
2064 1133
2065 87
2066 1409
2066 647
2066 1560
2066 1785
2067 1894
2067 1143
2067 2026
2068 1571
2068 1486
2069 2023
2069 1833
2069 794
2069 1949
2069 1615
2070 692
2073 65
2074 1825
2074 2049
2074 1491
2074 695
2074 2057
2074 2058
2074 1246
2074 1871
2075 1879
2075 2027
2076 688
2076 1496
2076 219
2076 1692
2077 885
2077 1271
2077 1850
2077 1837
2079 1169
2079 842
2080 572
2081 2100
2082 164
2083 793
2084 898
2086 568
2087 383
2089 880
2089 834
2089 755
2089 1830
2089 1064
2089 1179
2089 1852
2090 271
2091 2100
2093 159
2094 1584
2094 1378
2094 1924
2094 1461
2094 1911
2094 1975
2094 1161
2094 874
2094 1818
2094 1341
2094 1455
2095 1408
2095 1472
2095 2051
2095 2067
2095 1305
2095 1070
2097 283
2098 1845
2098 2024
2098 1818
2098 1611
2098 1643
2098 1707
2098 1343
2099 774
2100 393
2101 1531
2103 1588
2103 1534
2104 1034
2105 260
2105 677
2107 597
2108 1170
2108 851
2108 1213
2109 2078
2109 2079
2111 616
2112 852
2112 1381
2112 1050
2113 862
2114 56
2114 1436
2115 175
2116 787
2117 1289
2118 970
2119 812
2121 507
2122 1255
2122 938
2123 2046
2125 2087
2126 1984
2126 1000
2126 1818
2126 1806
2128 960
2128 1568
2128 1602
2128 745
2128 1577
2128 1898
2128 299
2128 1518
2128 527
2128 1359
2128 1425
2128 722
2128 786
2128 1746
2128 1941
2128 1750
2128 1400
2128 1818
2128 859
2128 2013
2129 1129
2129 1019
2129 941
2129 1277
2129 1790
2129 1231
2129 1599
2130 785
2130 1505
2130 1238
2130 1817
2130 1690
2130 1612
2130 1740
2131 273
2132 503
2133 1838
2134 1830
2134 1818
2134 1340
2135 1031
2135 1225
2135 682
2136 1033
2137 663
2138 2017
2138 390
2138 902
2138 1670
2138 907
2138 1739
2138 909
2138 1645
2138 1872
2138 913
2138 1076
2138 1589
2138 1434
2138 1818
2138 1914
2138 1564
2138 1437
2140 1763
2140 1060
2140 1830
2140 1175
2140 985
2140 1515
2140 1982
2141 1058
2141 886
2141 1292
2142 43
2144 721
2144 1733
2144 854
2144 1174
2144 1786
2144 1693
2146 1496
2147 1844
2148 786
2148 1220
2149 784
2149 1028
2149 813
2151 1365
2151 1006
2152 1042
2152 1318
2153 241
2153 724
2154 1092
2154 1339
2155 55
2156 305
2156 1346
2156 855
2156 730
2156 703
2157 48
2157 881
2157 797
2158 809
2159 892
2160 1344
2160 1378
2160 970
2161 2060
2162 1076
2163 1707
2163 1420
2164 1008
2164 67
2164 1587
2164 1814
2164 1351
2164 1576
2164 1803
2164 1230
2165 1000
2166 1829
2167 154
2168 2100
2168 766
2169 1431
2169 1833
2172 1817
2172 1833
2172 1835
2173 1313
2173 1603
2173 708
2173 1671
2173 1895
2173 1706
2173 1963
2173 172
2173 1836
2173 77
2173 143
2173 1903
2173 1841
2173 1330
2173 1139
2173 919
2173 184
2173 248
2173 1272
2173 1912
2173 1085
2173 1405
2173 1918
2175 1236
2175 1466
2176 618
2178 1201
2179 624
2179 287
2181 368
2181 704
2181 20
2181 762
2181 29
2182 2085
2184 565
2185 673
2186 257
2186 1459
2186 825
2187 1516
2188 1874
2188 1959
2188 2026
2188 1595
2188 1678
2189 2085
2190 407
2191 1450
2192 2100
2193 1433
2194 191
2195 1187
2196 2092
2196 2095
2198 994
2199 1633
2199 1793
2199 1466
2200 310
2200 232
2201 2080
2201 818
2202 944
2202 1451
2203 1209
2203 1833
2203 794
2203 858
2204 1824
2204 1698
2204 1972
2204 1461
2204 1605
2204 1495
2204 1818
2204 1850
2204 1932
2204 1822
2205 209
2205 391
2206 1119
2207 477
2209 2081
2210 592
2210 1029
2210 1526
2210 951
2210 1576
2210 251
2210 1467
2210 1230
2211 2101
2211 1878
2211 2102
2213 2086
2214 429
2216 1867
2219 352
2220 1410
2220 1923
2220 1830
2220 1610
2220 1866
2220 459
2220 1777
2220 1588
2220 1462
2220 1303
2220 1145
2220 1180
2220 1276
2221 648
2223 1969
2223 1044
2223 1604
2223 1861
2223 1830
2223 1210
2223 1981
2225 367
2228 1109
2228 1274
2230 1744
2230 1554
2230 360
2230 1661
2231 736
2232 1410
2233 2098
2234 1138
2235 1415
2235 1449
2235 1980
2235 2030
2236 123
2237 1832
2237 812
2238 290
2238 1412
2238 358
2238 428
2239 1029
2240 166
2241 788
2242 1819
2243 2032
2244 80
2245 2016
2245 999
2245 1256
2245 1740
2245 1423
2245 1425
2245 1267
2245 791
2245 1080
2245 1817
2245 1978
2245 1021
2245 2013
2245 799
2245 1471
2246 1021
2247 2097
2247 2098
2247 2099
2248 2087
2250 2068
2250 2101
2250 2022
2250 2102
2250 2071
2250 1819
2250 1867
2250 2028
2250 2062
2251 2096
2252 611
2253 1542
2253 967
2253 1719
2254 1393
2254 36
2254 836
2254 1766
2254 1463
2254 1005
2254 1662
2254 1791
2255 281
2256 1148
2257 344
2258 945
2258 1499
2258 1676
2258 175
2259 1397
2260 313
2261 1842
2262 1842
2262 1829
2263 1857
2263 867
2263 884
2263 1508
2263 1223
2263 552
2263 1066
2263 1658
2263 509
2263 1326
2263 911
2264 1425
2264 859
2265 1476
2266 1059
2266 747
2267 871
2267 1161
2267 1321
2267 254
2268 1875
2268 1637
2270 754
2271 1235
2271 1402
2273 1499
2274 478
2276 2081
2276 1859
2276 2101
2276 2102
2276 2071
2276 2073
2277 2048
2278 2085
2279 740
2280 2097
2280 2098
2280 2099
2281 720
2281 912
2281 1601
2281 1540
2281 469
2281 1545
2281 1818
2281 779
2281 1260
2281 1500
2281 1949
2281 1615
2283 1050
2284 897
2284 1713
2284 210
2284 1749
2284 391
2284 280
2284 1550
2284 1327
2285 577
2286 810
2287 2072
2289 352
2289 1472
2289 1169
2289 1669
2289 1639
2289 1464
2289 92
2290 2095
2291 2100
2292 327
2293 935
2294 832
2296 2018
2297 1080
2298 1479
2299 1547
2300 476
2301 2096
2302 992
2303 2048
2303 2071
2304 26
2305 2096
2306 193
2309 1004
2312 176
2313 696
2314 1101
2315 231
2318 1496
2319 370
2319 1909
2319 1830
2320 2097
2320 2098
2320 2099
2320 1140
2320 1428
2320 1940
2320 1830
2320 1431
2320 1624
2320 1833
2320 1626
2320 2030
2321 2099
2324 248
2325 687
2326 299
2327 1016
2328 593
2328 1141
2328 1208
2328 1835
2328 1597
2328 1167
2330 1547
2330 1598
2331 264
2332 1638
2332 1734
2334 897
2334 1137
2335 1425
2336 1211
2337 242
2337 458
2338 2018
2339 285
2339 1407
2340 1237
2341 2048
2341 645
2341 2058
2342 856
2343 1443
2345 1922
2345 2026
2345 1436
2346 5
2347 214
2350 2082
2352 426
2353 554
2355 963
2355 1431
2355 1833
2355 972
2356 1281
2356 1222
2356 1479
2356 1817
2356 460
2356 1421
2357 2097
2357 2099
2358 1056
2358 1990
2358 1799
2358 1896
2358 1866
2358 127
2359 307
2360 1083
2361 1154
2364 261
2366 2065
2366 917
2366 1181
2367 978
2367 1859
2367 949
2367 1846
2367 1775
2369 2092
2369 2095
2370 819
2370 233
2371 1558
2371 1423
2372 1411
2372 1881
2373 2054
2374 1867
2376 965
2377 1121
2378 1833
2379 1424
2380 1010
2381 550
2382 1011
2383 116
2384 500
2386 2101
2386 2102
2387 612
2388 1540
2389 219
2390 1101
2391 1101
2392 1261
2393 2061
2394 2032
2395 2078
2398 2092
2398 2095
2399 2092
2399 2095
2400 412
2401 805
2402 496
2403 253
2404 357
2405 1221
2405 414
2405 2063
2407 1393
2407 910
2408 1155
2408 762
2408 1100
2409 49
2410 2092
2410 2095
2411 275
2411 1622
2411 1702
2411 1639
2411 1883
2411 1853
2412 1410
2413 342
2413 1005
2414 1207
2414 1354
2415 1827
2415 532
2415 1517
2416 1761
2416 1218
2416 1525
2417 1732
2417 1287
2417 1422
2417 1631
2418 462
2419 956
2419 1535
2420 129
2421 241
2422 290
2423 847
2425 695
2426 1567
2428 867
2428 1508
2428 952
2428 1582
2428 783
2429 2098
2429 2099
2430 1480
2430 397
2431 1017
2432 1397
2433 120
2435 604
2436 1016
2437 1172
2437 1508
2437 1477
2437 952
2439 660
2440 1059
2440 696
2440 1179
2441 24
2444 353
2445 108
2445 924
2446 2096
2447 2017
2447 962
2447 1414
2447 1914
2447 1259
2447 1564
2448 816
2448 1592
2448 1722
2449 341
2450 877
2451 1821
2451 1965
2451 1918
2452 2048
2453 801
2453 2033
2453 2066
2453 2036
2453 2069
2453 2070
2453 1879
2453 1865
2453 1913
2454 1168
2454 891
2455 1532
2457 1440
2457 705
2457 1619
2457 439
2457 266
2457 1130
2457 587
2458 494
2461 715
2462 1795
2462 1622
2462 1853
2463 117
2464 131
2465 1225
2466 1850
2466 1422
2467 1426
2468 748
2469 699
2471 753
2472 1453
2473 1217
2473 1305
2474 1740
2475 1675
2476 1968
2476 1876
2476 1892
2476 1830
2476 1449
2476 1068
2477 1496
2478 516
2479 790
2479 1384
2479 1037
2480 1553
2480 1531
2481 1221
2481 1368
2483 816
2483 1748
2483 1831
2483 1722
2483 1818
2483 1946
2483 1647
2484 1038
2485 520
2488 304
2489 2085
2493 1008
2493 1729
2493 1266
2493 1587
2493 1781
2493 1351
2493 14
2494 708
2495 270
2496 2053
2498 1426
2499 1466
2500 794
2501 1675
2502 1440
2502 1843
2502 1413
2502 2005
2502 554
2502 1818
2502 1947
2502 1630
2503 1489
2503 1573
2503 1399
2503 1290
2503 1149
2505 1144
2506 400
2507 889
2508 521
2510 1367
2510 843
2510 1182
2510 1215
2511 563
2512 309
2513 2079
2514 2017
2514 1414
2514 1914
2514 1051
2515 1424
2515 1673
2515 877
2515 1023
2516 2017
2516 1860
2516 2072
2516 1849
2516 1818
2516 2074
2516 2076
2516 1583
2517 1411
2518 1424
2518 2017
2518 902
2518 1592
2518 1849
2518 1818
2519 2032
2520 1360
2520 1234
2520 84
2520 1036
2521 979
2522 912
2522 1601
2522 1540
2522 1818
2522 779
2522 1260
2522 383
2525 2018
2525 1427
2525 2035
2529 913
2529 1437
2531 792
2531 1001
2533 746
2534 666
2534 762
2535 53
2536 608
2536 1025
2537 803
2537 1398
2539 1398
2540 659
2541 803
2542 1398
2543 1129
2543 957
2544 979
2545 762
2545 1163
2545 526
2545 1279
2546 439
2547 1003
2548 1479
2549 2085
2550 2081
2550 2073
2551 518
2552 671
2553 750
2554 2025
2555 893
2556 1419
2556 1358
2557 212
2559 1180
2560 2097
2560 2098
2560 2099
2561 799
2562 1152
2562 1011
2562 774
2562 2007
2562 1629
2562 1838
2563 457
2565 1143
2565 1834
2567 1014
2567 1352
2567 953
2568 1760
2568 849
2568 1432
2571 2051
2572 1265
2573 2046
2574 101
2575 2085
2576 918
2576 1321
2577 419
2578 810
2579 1175
2580 787
2581 581
2582 966
2582 1837
2583 806
2585 642
2586 911
2587 1018
2588 1848
2590 505
2591 562
2592 758
2593 998
2593 1818
2595 851
2596 632
2596 138
2598 203
2599 1002
2600 781
2601 72
2602 2051
2603 1035
2604 2072
2605 2083
2606 1569
2607 266
2608 343
2609 392
2609 938
2609 1117
2610 747
2611 1015
2611 1369
2612 880
2612 1297
2612 834
2612 755
2612 1852
2613 969
2613 1407
2616 862
2617 655
2618 704
2619 987
2620 1007
2621 761
2622 413
2624 136
2625 1334
2625 953
2625 1422
2625 1550
2626 1669
2626 2021
2626 1095
2626 1833
2627 1857
2627 884
2627 1974
2627 24
2627 1066
2627 1658
2627 1852
2627 1661
2627 1326
2627 1439
2628 883
2628 1528
2631 130
2633 165
2633 373
2634 2083
2635 1605
2635 775
2635 1655
2635 1018
2635 1338
2635 781
2635 911
2636 1055
2637 112
2637 1232
2637 1281
2637 1222
2637 1801
2637 1817
2637 971
2637 109
2637 1421
2637 1935
2638 1442
2638 771
2638 1286
2638 1055
2639 674
2639 837
2640 1044
2640 1604
2642 96
2643 1376
2643 417
2643 924
2643 781
2643 1295
2645 1486
2647 465
2648 230
2649 1394
2649 1399
2650 849
2652 1165
2653 1280
2653 1309
2654 2061
2656 1675
2657 713
2657 1097
2657 1149
2658 919
2659 2032
2660 848
2663 819
2664 1424
2664 1025
2664 986
2665 606
2666 471
2667 385
2668 1952
2668 1818
2669 1395
2670 370
2671 772
2672 1251
2672 1126
2673 916
2673 1529
2673 1818
2673 1899
2673 1340
2675 1936
2675 1761
2675 1991
2675 764
2675 1852
2677 1405
2678 260
2678 249
2680 788
2680 408
2680 1343
2681 1095
2681 1355
2682 683
2683 1838
2684 157
2685 1552
2685 1888
2685 1013
2685 1830
2685 1210
2686 1814
2686 1438
2687 1466
2689 517
2690 813
2691 1424
2691 1762
2691 757
2692 1420
2694 651
2696 733
2697 1417
2698 1120
2698 1228
2700 170
2701 2080
2701 161
2701 2017
2701 1411
2701 1881
2702 173
2704 146
2705 689
2707 1491
2708 870
2708 393
2709 929
2709 945
2709 1350
2709 1499
2709 1804
2709 1389
2710 843
2711 1825
2711 2049
2711 2082
2711 1962
2711 1535
2712 781
2713 1023
2714 1024
2715 118
2716 684
2717 303
2718 404
2719 848
2720 982
2720 826
2720 1098
2720 1373
2721 1308
2721 750
2721 830
2723 1280
2723 1840
2723 2080
2723 2066
2723 2004
2723 2036
2723 2071
2723 2087
2723 926
2725 407
2725 1420
2726 45
2728 974
2729 1004
2730 2054
2731 657
2731 483
2731 138
2731 1002
2731 1117
2731 1279
2733 1776
2733 322
2733 1683
2733 1753
2733 1499
2734 2029
2735 957
2736 1401
2737 1877
2737 1448
2737 1944
2737 1705
2737 795
2737 1277
2737 1599
2738 163
2739 227
2740 1506
2741 2092
2741 2095
2742 427
2743 2026
2744 2095
2745 414
2749 2100
2750 1620
2750 1546
2751 865
2751 1379
2751 345
2751 314
2752 1413
2752 1478
2752 872
2752 1706
2752 796
2752 511
2753 1568
2753 2056
2753 745
2753 1577
2753 1898
2753 1867
2753 1453
2753 1522
2753 2067
2753 2101
2753 2102
2753 2071
2753 1183
2754 1818
2754 1500
2755 748
2756 1524
2756 1833
2757 1506
2758 1500
2759 2101
2759 2102
2760 130
2760 1634
2760 1731
2760 1811
2760 1556
2762 2018
2762 1880
2763 1874
2763 1830
2763 1640
2763 1678
2764 1045
2766 824
2766 1311
2767 2086
2768 561
2768 319
2770 1399
2771 1584
2771 874
2771 1679
2772 1572
2772 1449
2772 1470
2773 302
2774 482
2776 2097
2776 2098
2776 2099
2777 1478
2779 1090
2780 2100
2782 2100
2783 2100
2784 835
2785 441
2786 2072
2787 786
2788 278
2789 443
2791 334
2793 1547
2794 1243
2794 812
2794 925
2795 1061
2798 1425
2798 1282
2798 1410
2800 1074
2801 395
2802 2000
2802 1542
2802 1853
2803 564
2805 62
2807 458
2809 1426
2809 1003
2810 716
2810 1455
2811 1584
2811 132
2811 1727
2813 1474
2813 835
2813 1319
2814 137
2815 229
2819 2052
2819 2079
2821 2100
2823 213
2823 857
2824 883
2824 1528
2825 1073
2825 307
2825 747
2826 658
2827 1150
2829 692
2829 1848
2829 523
2830 1238
2831 353
2831 1143
2832 750
2833 167
2834 1633
2834 1743
2835 1084
2836 294
2836 282
2837 2086
2838 485
2839 1463
2841 882
2841 19
2841 1352
2842 1074
2842 1506
2842 1454
2843 780
2844 1905
2844 1861
2844 1830
2844 1193
2844 1435
2844 1180
2844 1468
2844 1933
2845 1009
2846 2086
2848 445
2849 560
2851 727
2852 959
2853 113
2854 1635
2855 868
2855 823
2856 2093
2857 217
2858 985
2858 1148
2860 822
2861 1776
2861 1010
2861 1507
2861 2041
2861 1194
2861 1323
2861 1467
2861 1901
2861 270
2861 2030
2862 813
2863 1108
2864 480
2864 811
2864 1054
2866 772
2866 1294
2867 2097
2867 2098
2867 2099
2868 1078
2868 1243
2869 867
2870 751
2871 558
2872 671
2873 760
2875 1828
2875 1513
2875 1594
2876 855
2876 812
2876 445
2877 668
2878 1480
2879 553
2880 1162
2881 970
2882 1813
2882 1515
2882 748
2883 289
2883 1172
2883 1018
2883 604
2884 1027
2884 1433
2885 1204
2885 1262
2886 1104
2886 1285
2886 1830
2886 1866
2886 188
2886 1199
2887 1828
2887 1513
2887 1594
2888 256
2889 556
2890 1808
2890 882
2890 211
2890 1811
2890 361
2890 1627
2890 1725
2890 1486
2891 276
2894 644
2895 502
2896 1431
2897 2092
2897 2095
2898 2060
2899 958
2900 82
2901 163
2901 911
2902 689
2902 162
2903 2100
2904 362
2906 2098
2906 899
2906 1818
2906 863
2907 718
2908 685
2909 1440
2909 2080
2909 2017
2909 1107
2909 1411
2909 1110
2909 823
2909 2039
2909 1930
2909 429
2909 926
2910 1511
2911 529
2912 484
2912 1468
2913 1674
2913 1818
2913 1611
2913 1983
2915 242
2917 1442
2917 771
2917 1477
2917 1830
2917 1833
2917 1883
2917 1052
2918 1426
2918 1642
2919 551
2921 134
2921 504
2922 397
2923 515
2923 1558
2923 168
2923 1867
2925 524
2926 1531
2927 678
2928 1417
2929 742
2931 314
2932 1125
2932 1370
2933 675
2934 916
2935 1594
2936 6
2936 1498
2938 4
2940 213
2941 2047
2943 1106
2943 1221
2944 2086
2946 244
2947 2073
2948 806
2948 903
2948 890
2950 934
2950 922
2951 627
2952 2048
2953 1265
2953 339
2953 2051
2953 2067
2953 2068
2953 2071
2953 2040
2953 955
2954 783
2955 640
2955 876
2956 932
2957 1024
2957 1410
2957 1191
2958 1435
2959 2053
2960 377
2961 2082
2962 1249
2964 1498
2965 1586
2965 1449
2965 927
2966 900
2967 807
2968 1074
2968 1454
2969 5
2970 2098
2970 1818
2970 1468
2971 911
2973 155
2974 1690
2974 1483
2977 2081
2977 2051
2977 1605
2977 775
2977 2027
2977 1265
2977 2067
2977 1908
2977 2068
2977 2071
2977 1850
2977 955
2977 2043
2977 1948
2978 355
2979 1833
2980 791
2980 1721
2980 1773
2981 1527
2984 389
2984 2101
2984 2102
2984 1998
2985 1253
2985 855
2985 1387
2986 1476
2986 1735
2988 707
2991 965
2992 1843
2992 118
2992 2029
2993 2016
2993 1505
2993 1857
2993 1080
2993 1817
2993 1658
2993 1007
2995 2096
2996 2086
2997 394
2998 2092
2998 2095
2999 2087
3000 639
3001 1093
3003 1507
3005 1835
3007 8
3008 1555
3008 839
3008 1593
3009 666
3010 1465
3010 1835
3010 1100
3010 1597
3011 325
3012 1603
3012 1402
3013 664
3014 1136
3014 1380
3014 1258
3015 797
3016 1406
3017 197
3018 911
3019 1066
3020 1408
3020 1471
3021 659
3022 635
3023 820
3023 1702
3023 1464
3024 1296
3024 981
3025 583
3027 2098
3028 200
3029 218
3030 1160
3031 1499
3032 1197
3034 519
3035 1444
3036 1542
3036 967
3036 1679
3037 452
3037 765
3038 1412
3039 97
3040 960
3041 1062
3041 1961
3041 1818
3041 11
3043 769
3043 915
3043 1019
3043 1599
3044 1277
3045 1093
3046 1513
3048 2087
3050 662
3052 669
3053 474
3054 2093
3055 579
3056 1054
3057 311
3058 1362
3058 1730
3058 1395
3058 1827
3058 1939
3058 151
3058 519
3058 1517
3059 970
3060 104
3060 655
3061 1396
3062 1021
3063 832
3064 1730
3064 843
3064 1548
3064 1487
3065 114
3065 596
3065 40
3066 1465
3067 735
3068 405
3070 526
3071 1160
3072 745
3072 268
3073 1417
3073 1549
3074 2080
3074 2017
3074 2065
3074 818
3074 1860
3074 2101
3074 1494
3074 2102
3074 1863
3074 2071
3074 1224
3074 2090
3075 1830
3075 1610
3076 86
3077 177
3078 914
3078 792
3079 766
3080 144
3081 2099
3083 717
3084 1044
3085 615
3086 944
3086 1451
3087 2093
3090 884
3091 1984
3091 1940
3091 1175
3091 985
3091 1626
3091 1818
3091 1982
3091 1791
3092 1518
3093 573
3095 1545
3095 988
3096 919
3097 1562
3097 1806
3098 793
3099 221
3100 2079
3101 25
3103 2030
3104 1103
3105 613
3106 2086
3107 523
3108 1093
3108 313
3109 594
3111 2083
3112 1432
3114 783
3117 966
3117 1837
3118 862
3119 868
3119 152
3120 2071
3120 1561
3120 1839
3120 2063
3123 2097
3123 2098
3123 2099
3124 1012
3124 1623
3124 1016
3124 1705
3124 1518
3125 773
3125 950
3125 1833
3125 780
3125 940
3125 1484
3125 829
3126 2092
3126 2095
3127 2083
3128 1534
3129 776
3130 972
3131 1433
3132 1090
3132 1156
3132 599
3133 1319
3133 953
3134 2096
3135 2054
3136 1081
3137 732
3138 1124
3139 748
3140 1818
3140 1963
3142 1486
3143 1345
3143 34
3143 1219
3143 1269
3143 702
3144 67
3146 1696
3146 1538
3146 1736
3147 56
3147 589
3147 255
3148 342
3151 2079
3152 866
3154 673
3154 1283
3154 388
3154 1894
3154 265
3154 1929
3154 1834
3154 974
3154 1582
3154 1778
3154 855
3154 1143
3154 1911
3154 1976
3154 474
3155 2071
3155 2063
3155 2079
3157 104
3157 284
3158 128
3159 513
3159 1089
3159 540
3159 1135
3160 1254
3160 1209
3161 1232
3161 410
3162 652
3165 2078
3166 32
3167 1219
3167 984
3168 2097
3168 2098
3168 2099
3170 1410
3171 1908
3172 2060
3173 2085
3174 2101
3174 2102
3176 877
3177 1169
3177 1329
3177 46
3178 812
3179 2060
3180 384
3180 2051
3180 725
3180 1605
3180 2054
3181 844
3182 691
3183 1256
3183 1293
3184 634
3185 1399
3186 1446
3187 1317
3189 1539
3189 1422
3190 1864
3190 574
3191 911
3192 1832
3192 954
3192 924
3193 1382
3193 778
3193 1228
3194 682
3195 1585
3195 1550
3196 829
3199 334
3200 844
3201 378
3201 412
3203 960
3203 1746
3203 1065
3203 1737
3203 1530
3203 1147
3203 1598
3204 649
3206 2101
3206 2102
3207 2017
3208 960
3209 1313
3209 830
3210 1240
3210 1229
3210 1309
3211 481
3211 1025
3211 1682
3211 1670
3211 1818
3211 1739
3211 1917
3214 2002
3214 1556
3214 1493
3214 1830
3214 1559
3217 274
3218 1100
3218 1116
3218 125
3218 510
3219 1446
3220 1007
3222 1297
3222 755
3222 1852
3224 990
3226 37
3227 1246
3228 350
3229 64
3229 581
3230 632
3230 729
3231 2096
3233 694
3236 599
3238 1408
3238 153
3238 1101
3239 1835
3241 1174
3241 1390
3242 1842
3243 619
3244 939
3244 750
3245 188
3246 972
3247 297
3248 915
3250 1410
3250 1877
3250 1191
3250 1144
3250 1866
3250 1978
3250 1083
3250 1516
3250 1422
3250 1103
3250 1599
3251 1426
3252 786
3252 1038
3253 1826
3253 1942
3253 1948
3254 1268
3254 935
3255 1601
3256 1380
3256 797
3260 2017
3260 1411
3260 869
3260 1830
3260 1689
3260 1881
3260 1818
3260 543
3260 1519
3260 1567
3264 1828
3264 1686
3264 1063
3264 2087
3264 1498
3264 1598
3264 1823
3265 839
3266 674
3267 1025
3268 754
3269 608
3269 444
3270 40
3271 2052
3271 2071
3271 2063
3271 2079
3272 764
3273 2087
3276 1176
3277 411
3278 966
3280 709
3281 497
3283 2101
3283 2102
3284 1140
3284 1416
3284 1624
3284 1471
3286 1148
3287 2097
3287 2099
3287 2045
3287 1870
3288 2098
3288 2099
3289 1833
3290 522
3290 1962
3290 1803
3290 1868
3290 1535
3290 1823
3292 891
3293 1476
3293 1823
3295 628
3296 74
3297 1441
3297 1635
3297 2101
3297 2102
3300 1865
3303 576
3303 111
3304 47
3305 2052
3306 1009
3307 2078
3308 30
3309 69
3310 1818
3311 304
3312 1818
3312 2042
3312 1659
3312 2075
3312 1660
3312 2093
3312 2094
3313 418
3313 1314
3313 707
3313 180
3313 1990
3313 1465
3313 1833
3313 1082
3313 1835
3314 836
3315 2081
3315 2027
3316 218
3318 2093
3320 1126
3321 782
3322 1466
3323 1176
3325 2064
3326 1667
3326 1222
3326 1817
3326 1945
3326 1550
3326 1855
3327 546
3327 2036
3327 2071
3327 1546
3327 1916
3327 1823
3328 2021
3330 1425
3330 1505
3330 1830
3330 1145
3330 1180
3330 1902
3333 656
3335 1091
3335 1195
3336 399
3337 1745
3337 1091
3337 1404
3338 1111
3338 760
3339 473
3340 1209
3341 830
3343 1049
3345 161
3346 372
3347 2081
3347 2020
3347 2022
3347 2055
3347 2056
3347 2025
3347 1642
3347 1867
3347 2028
3347 2062
3347 2065
3347 1523
3347 2067
3347 2068
3347 2101
3347 2102
3347 2071
3347 2041
3347 1819
3348 730
3349 149
3351 700
3352 2096
3354 892
3355 1079
3355 1342
3356 1314
3356 1171
3357 864
3357 1206
3357 1623
3357 840
3357 1784
3357 1422
3358 1046
3358 840
3358 778
3358 1258
3359 876
3360 881
3360 1046
3361 504
3362 1301
3362 1526
3362 347
3362 811
3362 1788
3363 49
3364 139
3370 20
3371 775
3372 688
3373 840
3373 825
3376 703
3378 2098
3379 455
3380 641
3380 740
3381 14
3382 1547
3384 738
3384 1289
3385 768
3386 1104
3386 728
3386 810
3386 637
3386 1391
3387 2080
3387 2017
3387 1860
3387 1061
3387 1863
3387 1865
3387 2090
3387 1452
3387 1838
3387 976
3387 2033
3387 818
3387 1108
3387 1396
3387 2101
3387 2102
3387 2072
3388 1241
3388 815
3390 48
3390 636
3391 102
3391 534
3392 210
3393 78
3395 1415
3396 174
3397 973
3399 1259
3400 2017
3400 1860
3400 1414
3400 1863
3400 1881
3400 1452
3401 848
3403 1226
3403 844
3405 1424
3405 1636
3405 1748
3406 1399
3407 1792
3407 2017
3407 1670
3407 1926
3407 2022
3407 1818
3407 1051
3409 2061
3410 448
3412 651
3413 1177
3414 1023
3415 2017
3415 499
3415 837
3415 1414
3415 1689
3415 1818
3415 1259
3416 875
3416 1375
3417 900
3418 2081
3418 1859
3418 2101
3418 2102
3418 2071
3418 2073
3418 1450
3418 2027
3419 17
3419 442
3419 1115
3419 1147
3419 76
3420 27
3421 59
3422 1140
3423 89
3425 1504
3426 540
3427 776
3431 1453
3431 1646
3433 1210
3434 607
3435 1138
3436 94
3437 1234
3437 757
3438 550
3440 711
3441 750
3442 1570
3442 1322
3442 1870
3444 723
3446 770
3447 1877
3447 1083
3447 1852
3448 247
3448 746
3448 1130
3449 1285
3449 1196
3450 498
3451 95
3452 0
3453 451
3453 724
3454 1459
3455 530
3455 578
3455 693
3455 335
3457 874
3458 1270
3458 1230
3459 1110
3460 858
3462 1446
3462 1723
3463 1537
3463 1524
3463 1304
3463 1466
3465 1217
3465 2001
3465 1030
3465 1577
3465 1849
3466 284
3467 887
3467 1082
3467 941
3468 881
3469 1542
3469 1439
3471 1289
3472 841
3473 1546
3473 1819
3473 1916
3475 1522
3476 1077
3476 847
3477 35
3477 731
3479 2064
3481 833
3482 2078
3483 2096
3485 765
3486 2060
3487 1523
3487 2101
3487 2102
3487 2062
3488 2085
3489 1074
3489 975
3490 2050
3490 2052
3491 2093
3493 143
3494 610
3494 917
3494 854
3494 855
3494 232
3494 1324
3495 888
3496 846
3498 2054
3499 2079
3500 1936
3500 1761
3500 66
3500 1830
3500 1448
3500 1944
3500 795
3500 764
3501 1612
3502 176
3502 1269
3502 167
3502 1655
3502 1817
3502 1018
3502 1690
3503 1457
3503 1048
3503 1288
3503 909
3503 1229
3503 1645
3505 545
3505 877
3506 1399
3507 253
3508 1442
3508 43
3509 728
3510 2082
3511 1173
3511 1721
3511 1386
3511 1407
3514 1591
3514 1671
3514 778
3514 1146
3516 1361
3516 1562
3516 1802
3517 2048
3518 1194
3519 33
3520 1184
3520 1538
3520 1724
3520 1005
3520 1662
3522 1430
3524 1057
3524 1348
3524 1324
3525 838
3526 1568
3526 470
3526 1703
3526 811
3526 1788
3526 206
3527 1474
3527 835
3527 1608
3528 361
3529 1969
3529 1458
3529 1044
3529 1604
3529 1846
3529 1544
3529 1818
3529 1885
3530 993
3530 1572
3530 1449
3530 1563
3530 1325
3531 2017
3531 1914
3533 348
3534 899
3534 1065
3535 451
3535 169
3535 95
3536 0
3536 33
3538 1513
3538 1148
3539 980
3541 2023
3541 1833
3542 380
3543 92
3544 747
3545 618
3546 1632
3546 1427
3546 1688
3546 1197
3547 1298
3547 1183
3548 1656
3548 1534
3549 1016
3550 2093
3551 436
3555 2085
3556 2046
3557 2100
3558 1632
3558 1459
3558 746
3558 683
3559 960
3559 1737
3559 1818
3559 1468
3559 1933
3559 1950
3560 2079
3561 360
3564 1415
3565 799
3567 108
3568 935
3568 1609
3568 1727
3570 1031
3571 1248
3571 1830
3571 968
3571 1977
3571 1068
3571 2012
3571 303
3571 1999
3572 1819
3573 2069
3573 2085
3574 1413
3574 1531
3575 807
3577 820
3578 1666
3578 1379
3578 1863
3578 2056
3578 1453
3578 1456
3578 2065
3578 2070
3578 1879
3578 2071
3578 987
3578 1244
3578 2044
3579 794
3579 1310
3580 1426
3581 950
3582 1401
3583 1818
3584 37
3584 701
3586 859
3587 992
3587 977
3588 1521
3589 466
3591 2099
3592 933
3593 1447
3593 1833
3594 1026
3594 2071
3594 2078
3594 2063
3594 2079
3597 32
3597 1120
3597 1826
3597 633
3597 1738
3597 1532
3599 229
3599 422
3599 1212
3599 782
3599 1087
3601 1921
3601 1654
3601 903
3601 2024
3601 185
3601 905
3601 1818
3601 1707
3601 1725
3601 1966
3603 2086
3603 2093
3605 1060
3606 1511
3608 1247
3610 907
3611 1920
3611 1857
3611 1429
3611 631
3611 747
3611 1885
3611 1007
3612 35
3613 2081
3613 1926
3613 2022
3613 2055
3613 2028
3613 2062
3613 2065
3613 1523
3613 2102
3613 759
3613 2071
3613 1560
3613 1053
3613 1181
3614 962
3616 1682
3616 1688
3616 1197
3617 1252
3619 850
3620 759
3622 452
3623 1132
3624 861
3625 2093
3626 776
3629 1458
3629 1862
3629 1178
3629 1818
3631 280
3632 320
3633 1712
3633 947
3633 1818
3633 1611
3634 2080
3635 1616
3635 1425
3635 490
3635 1658
3635 1326
3637 2086
3638 1779
3638 810
3638 1579
3638 1502
3639 611
3641 1347
3641 2061
3642 1157
3642 792
3642 1064
3643 547
3643 60
3644 832
3646 1926
3648 2052
3649 1194
3650 528
3650 620
3651 1715
3651 630
3651 1207
3651 1355
3651 892
3651 1805
3651 622
3651 1615
3652 325
3652 811
3653 1844
3653 2101
3653 2102
3653 2094
3654 326
3655 273
3657 1076
3657 1670
3658 259
3659 2100
3660 1825
3660 2049
3660 2082
3661 1280
3661 1392
3661 1649
3661 2004
3661 1881
3662 493
3663 2067
3663 2020
3663 2055
3663 2071
3663 2056
3663 2025
3663 1642
3663 1070
3664 1392
3664 894
3666 819
3667 803
3668 1560
3669 1434
3669 1261
3670 1400
3671 1545
3672 140
3673 1473
3673 2017
3673 1699
3673 869
3673 1830
3673 1032
3673 1997
3673 1519
3673 1583
3673 2031
3673 1649
3673 1240
3673 1689
3673 1849
3673 1881
3673 1818
3673 1567
3674 1860
3674 1959
3674 1595
3674 1583
3676 585
3678 1036
3678 1229
3679 2032
3680 1061
3681 182
3683 1970
3683 1834
3683 974
3683 1887
3684 2017
3684 907
3684 1564
3685 1649
3685 1239
3685 1881
3685 2061
3685 2031
3686 800
3686 769
3686 1460
3686 1638
3686 1384
3686 1818
3686 1467
3686 1851
3686 1901
3686 814
3686 1518
3686 1599
3687 392
3689 737
3690 996
3691 2061
3692 1518
3693 1427
3693 2035
3693 2046
3695 988
3696 1334
3697 1395
3697 1242
3698 769
3698 915
3698 1877
3698 1851
3698 1277
3698 1599
3699 517
3700 838
3702 617
3703 1081
3704 183
3705 770
3705 2023
3706 643
3707 2095
3708 1490
3708 981
3709 36
3710 1201
3710 1505
3711 109
3713 365
3714 2080
3714 1441
3714 2033
3714 2066
3714 1635
3714 2101
3714 2102
3714 1992
3714 1865
3715 337
3715 1192
3715 990
3717 240
3718 1575
3719 999
3720 822
3721 508
3723 1976
3723 1850
3723 1371
3723 1582
3724 58
3725 2024
3725 1818
3725 1611
3726 178
3727 2020
3727 1527
3728 2080
3728 1409
3728 2017
3728 882
3728 1875
3728 1637
3728 1627
3728 2076
3729 2046
3730 387
3732 898
3732 379
3733 1889
3733 2027
3733 1948
3735 527
3736 1547
3737 627
3738 475
3739 531
3740 815
3740 1135
3741 1156
3741 911
3742 1687
3742 1818
3742 815
3743 2065
3743 1926
3743 2022
3743 2055
3743 2071
3743 2028
3744 472
3745 539
3746 525
3747 808
3748 1152
3748 1691
3748 1245
3748 1629
3752 1859
3753 1364
3753 1501
3754 2061
3755 502
3755 169
3756 766
3757 1360
3757 1023
3758 1204
3758 406
3758 1151
3760 1560
3761 764
3762 2093
3763 1331
3763 1158
3763 1307
3764 913
3764 1076
3764 837
3764 1670
3764 1434
3764 1818
3764 1820
3764 1261
3764 1437
3765 1430
3766 870
3766 1067
3767 927
3769 2071
3770 977
3770 1890
3770 773
3770 950
3770 376
3770 1833
3770 780
3770 940
3770 1484
3770 829
3770 1855
3771 34
3772 1525
3773 421
3775 2028
3776 1413
3776 279
3776 872
3777 1698
3777 23
3777 570
3777 1818
3777 1115
3777 1772
3778 2071
3779 379
3780 898
3780 1483
3780 1421
3782 2082
3783 1425
3784 1010
3785 628
3786 903
3787 2021
3787 1833
3788 496
3788 1968
3788 1459
3788 1845
3788 1960
3788 1257
3788 1449
3788 2009
3788 746
3788 1643
3788 1822
3789 2097
3789 2099
3790 1447
3792 1395
3793 919
3794 1830
3794 2030
3795 490
3796 1126
3797 1425
3797 1793
3798 1501
3800 1329
3800 802
3800 1907
3800 853
3800 1653
3800 1847
3800 1818
3803 1474
3803 1434
3803 1818
3803 1307
3803 1883
3803 1052
3804 902
3805 1090
3807 149
3807 743
3807 1192
3807 1304
3807 1466
3807 908
3808 928
3808 580
3808 1846
3808 1466
3808 908
3809 629
3809 1815
3809 1419
3810 1404
3811 135
3813 2072
3814 263
3816 995
3816 1764
3816 1062
3816 1704
3816 1578
3818 2064
3818 1569
3818 711
3818 1848
3818 1469
3820 1521
3820 1375
3821 106
3822 543
3823 754
3824 2061
3825 848
3826 962
3827 1939
3827 1124
3827 998
3827 1754
3827 1818
3827 1887
3828 1611
3829 141
3830 1198
3832 1425
3832 1763
3832 1830
3832 1400
3832 1993
3832 1818
3832 1515
3832 1695
3834 323
3834 1798
3834 457
3834 1417
3835 265
3836 932
3837 1857
3838 100
3839 660
3839 952
3839 121
3839 847
3840 1494
3840 1863
3840 1452
3841 1840
3841 1873
3844 1202
3844 1922
3844 1444
3844 1588
3844 437
3844 1830
3844 1640
3844 1578
3844 1211
3844 1435
3844 1436
3845 816
3845 1288
3846 887
3846 475
3846 524
3846 684
3847 1443
3847 1119
3848 1459
3848 1960
3848 2008
3848 1869
3849 401
3850 185
3851 1478
3852 555
3853 1178
3853 861
3854 698
3855 354
3856 925
3856 1245
3857 199
3860 747
3861 263
3861 924
3862 1544
3862 1561
3862 1514
3862 749
3864 794
3865 865
3867 1504
3868 565
3868 845
3870 308
3871 1030
3871 1849
3872 1405
3873 1315
3874 2036
3874 101
3874 2071
3874 1993
3874 1771
3874 1916
3875 2082
3876 1415
3877 1408
3877 1812
3877 1446
3877 1101
3878 1199
3880 574
3881 784
3881 1428
3881 1078
3881 1830
3881 1789
3881 959
3882 204
3883 1443
3883 761
3883 1119
3884 1526
3884 281
3885 1033
3886 1349
3886 793
3887 1159
3887 1464
3887 1726
3888 952
3889 1428
3890 885
3891 1084
3892 162
3893 1034
3894 2100
3895 948
3896 2030
3897 2100
3898 1298
3898 1235
3899 177
3900 402
3903 1552
3903 1952
3903 1571
3903 374
3903 1830
3903 1943
3903 1001
3903 1210
3903 1709
3903 62
3903 222
3903 1919
3904 113
3904 1121
3904 1579
3904 1789
3904 959
3905 1018
3907 509
3908 453
3909 957
3910 1052
3911 1454
3913 1404
3914 1714
3914 1577
3915 2100
3916 2095
3917 2092
3918 1129
3918 991
3919 1648
3919 1553
3919 1538
3919 933
3919 1957
3919 8
3919 1930
3919 1883
3919 1821
3921 794
3922 2082
3923 766
3925 2097
3925 2099
3925 1140
3925 1463
3925 1624
3926 1421
3927 1406
3928 245
3929 779
3930 1826
3930 1907
3930 1092
3930 1653
3930 506
3930 1532
3930 1774
3930 1951
3931 1122
3931 934
3932 846
3933 1200
3933 1203
3933 893
3933 479
3934 1856
3934 99
3934 246
3934 330
3934 2060
3934 1869
3934 1919
3935 2092
3935 2095
3936 977
3936 1077
3936 1237
3936 1833
3936 170
3936 780
3936 1628
3936 958
3937 2054
3938 1284
3938 822
3938 1114
3939 1875
3939 1637
3940 196
3941 2083
3942 1220
3942 1038
3943 1133
3943 750
3944 998
3945 1920
3945 1798
3945 394
3945 1932
3945 205
3945 142
3945 1263
3945 1904
3945 1333
3945 1429
3945 600
3945 250
3945 1882
3945 1979
3945 860
3946 983
3946 1022
3949 435
3951 2068
3951 2101
3951 2102
3951 2071
3951 1819
3951 2062
3952 384
3953 1575
3954 1154
3955 1602
3955 1589
3955 1000
3955 1400
3955 1818
3955 431
3956 1488
3956 658
3956 1938
3956 1332
3956 1317
3956 1877
3956 1991
3956 1448
3956 203
3956 1083
3956 1757
3956 1103
3957 1247
3958 1304
3958 1466
3959 1926
3959 2022
3962 2079
3964 1521
3964 2033
3964 1396
3964 2037
3964 1865
3965 2034
3965 885
3965 1837
3967 495
3968 1011
3969 1395
3969 1827
3970 2053
3970 1566
3971 2096
3972 1728
3972 1436
3973 653
3974 41
3975 615
3975 1164
3975 1213
3978 1
3978 254
3979 1306
3979 1071
3980 1401
3981 830
3982 10
3983 90
3985 622
3986 978
3986 41
3987 2067
3987 2071
3987 2040
3988 376
3989 2087
3990 760
3990 1322
3991 160
3992 336
3993 733
3996 1857
3997 544
3998 1228
3999 591
4000 942
4001 825
4001 828
4003 1110
4003 1926
4003 2022
4003 2039
4003 74
4003 443
4003 2012
4003 1823
4004 546
4005 1344
4005 723
4005 1846
4005 105
4005 1069
4005 1775
4006 2078
4006 2079
4008 292
4008 804
4008 1014
4008 1341
4009 570
4011 2081
4011 1844
4011 2101
4011 2102
4011 2071
4011 1418
4011 2094
4014 2078
4015 1619
4015 1942
4015 1545
4015 826
4015 1818
4017 874
4018 506
4019 838
4020 340
4020 2022
4020 2087
4020 2091
4020 1823
4021 2019
4021 1958
4024 1818
4025 1030
4025 942
4026 990
4027 592
4028 2053
4030 2059
4030 2046
4031 722
4033 1767
4033 652
4033 1501
4034 371
4034 1818
4035 607
4037 1317
4037 1096
4037 1448
4037 1769
4037 1419
4039 1053
4041 59
4042 678
4042 1531
4042 1406
4043 2060
4044 1504
4045 1504
4046 913
4047 1434
4048 797
4048 1118
4049 1414
4049 921
4049 937
4049 1259
4050 84
4052 2061
4053 1675
4053 1519
4054 1592
4055 894
4056 785
4059 375
4060 1041
4060 1809
4060 1507
4061 1457
4063 888
4064 808
4065 861
4067 1700
4067 1399
4067 1017
4068 1041
4070 744
4071 561
4072 976
4072 1358
4073 416
4073 1682
4073 438
4073 1337
4073 1818
4074 1347
4074 1051
4075 1165
4076 51
4078 1376
4078 824
4079 1937
4079 1043
4079 1827
4079 2003
4079 1188
4079 2101
4079 2102
4080 1664
4080 1377
4080 1494
4080 1224
4080 366
4080 1551
4081 921
4083 2034
4085 1247
4086 759
4086 1560
4088 741
4089 1247
4092 364
4093 17
4095 614
4096 186
4097 672
4098 1454
4101 951
4101 984
4101 1467
4102 1202
4102 1444
4103 279
4104 403
4105 2033
4105 1396
4105 2072
4107 1618
4107 1747
4107 1252
4107 1093
4107 1606
4107 1006
4108 1108
4109 16
4109 1395
4109 1109
4110 199
4110 631
4111 1185
4111 1832
4113 749
4114 446
4117 2029
4120 1300
4120 1579
4121 1825
4121 2049
4121 2082
4122 924
4123 196
4127 763
4128 1489
4128 787
4128 1363
4128 1542
4128 1419
4129 2100
4130 738
4131 557
4132 2
4132 300
4133 753
4133 1097
4134 787
4135 1363
4135 39
4135 1239
4135 1289
4137 198
4137 1835
4138 1121
4138 1419
4138 1579
4140 1425
4140 1516
4141 753
4143 1418
4145 1205
4147 1225
4149 298
4151 1425
4152 1450
4153 1555
4154 1542
4154 1672
4155 836
4157 2021
4157 1833
