16512
3764
20578
2055
6105
20045
5722
12587
17624
4744
9191
11879
9745
16462
19489
10934
14874
3294
11954
12798
14624
7270
6371
10132
20680
17002
7401
1000
8244
13827
19688
5776
17835
21163
14133
321
15583
4789
11611
3343
6307
7711
19899
13397
1615
9382
231
7814
21232
7451
19094
9383
14609
14567
17580
4077
12000
19758
15731
8930
8994
4004
17510
10453
7496
4732
9871
10674
16414
10819
19445
3755
3675
4252
5723
18185
11281
725
14189
15154
10296
8698
15021
16401
6512
18268
7304
6595
6457
18526
8981
12251
18837
3596
619
10030
11995
17241
6923
18673
8419
8869
9886
11239
16768
19263
9451
16786
14813
9676
21262
16561
801
2233
8905
7449
5890
19687
8285
8697
1193
20358
4438
9492
18033
6361
13805
5447
7416
14870
10451
20841
9113
16863
3862
7622
19258
11863
12433
12083
3343
5685
4018
21228
7741
6201
18246
13432
7197
764
9586
17277
20638
12583
9924
19998
20242
5470
14513
15895
11011
14209
19703
12912
2331
5935
7757
8765
12345
11461
18109
11953
12796
13513
7899
14104
16593
2743
10540
20518
3446
19631
1968
5568
4172
8377
8694
15982
15956
6791
4895
12383
16171
13756
7397
4131
19842
356
1800
7205
11798
407
13799
9935
7146
19794
15320
10363
9659
8631
16589
11270
18195
2315
11584
3321
8665
14861
18457
6168
2872
3160
16846
13790
17221
11067
11503
9586
5225
10369
9382
19993
11034
17531
12294
13493
2967
13169
20309
15039
16555
10834
15009
2996
17006
11911
20727
1927
12568
19661
3129
1729
9286
20587
1861
2191
17917
13902
2271
13059
10116
13522
20732
3978
8131
5859
13516
1373
12096
9722
15382
5053
1520
20034
1807
5274
9284
10342
9282
12676
8349
3217
19883
857
9155
7480
18141
9549
13238
15673
5806
10572
3007
16741
16386
12612
1632
10030
10589
8141
402
8390
10163
2242
4758
15312
15
5720
18350
6558
12639
13043
4779
19042
4090
19230
3667
7057
11297
21150
3080
17624
5501
13289
17792
21149
17809
17133
10088
1405
2340
14249
18606
6420
7671
14586
2598
20520
12020
21261
14872
13476
8639
10879
13111
577
13369
410
1401
181
5605
17221
14642
10049
16904
5328
11554
3942
21246
19943
5050
10374
4096
1008
4052
13754
6019
794
13027
7162
20242
20804
13463
676
14482
10577
13628
11282
3128
1421
15584
5781
6056
8140
17390
1756
3302
8827
19968
1363
19041
7690
16668
12873
4073
5080
282
111
8279
13614
4263
6704
12195
1724
3668
7346
12644
13974
3708
1955
20419
14032
17244
15507
13583
651
2088
1699
18729
18994
13314
1251
11118
18854
14572
4592
3713
11374
5266
19275
10891
20494
327
20114
17924
1083
6775
20326
10753
11719
6871
7348
6725
20475
9565
14113
791
20635
1132
7004
20796
17554
17759
6699
1043
1698
12831
7472
3089
18924
663
8024
1061
11266
20435
702
964
10151
506
20201
1356
9868
5044
19756
20013
10329
6527
3036
3843
8683
9812
16747
18610
7744
17544
19636
12838
4056
16661
17552
3671
8420
8351
11697
431
8543
13852
6972
18890
3263
14571
21337
11630
356
5510
1000
3951
18070
6827
8654
7505
11100
4823
702
1006
10880
15803
11387
8680
5242
2109
14977
16968
15219
4258
9859
18440
6688
9992
13124
2139
9364
19679
2497
1728
4900
21027
20264
2580
6874
16111
45
1073
12586
17267
16479
3343
5053
4272
20726
8221
14000
4677
18134
11557
4552
12094
7376
20478
4577
13995
4908
20751
5527
4351
7314
6404
12855
9217
3663
658
6500
4724
9875
21051
19075
7626
5427
5962
16476
17411
18213
1158
20824
11521
13660
14258
16068
375
10515
15817
15356
12680
20930
3069
3923
18325
11981
18026
3071
7490
14793
2221
16798
10041
1570
20273
15378
1074
6768
16660
12461
12376
18887
6021
11799
1970
14364
6866
6353
7356
1517
15965
4855
1001
6622
3098
19387
16600
17149
13156
9154
7972
7703
5839
7023
13250
647
16300
9484
11626
13431
4388
21148
807
15628
20631
17880
9843
9098
5343
8261
20354
11473
13068
14938
688
14250
1440
10908
4099
11392
11202
15848
8733
12295
13401
7137
6887
19502
15219
16828
19843
4706
18259
20689
11147
8925
6560
16340
6843
3177
18774
10777
8312
6677
351
2763
1576
4470
9185
6463
16195
15721
20722
1191
8578
15092
10113
944
18477
7183
7425
18255
2304
8062
19151
3368
6476
14039
5703
3808
15784
6304
19659
8884
9419
18579
8765
15940
16432
5972
13137
16622
9095
17767
8629
475
13167
944
1778
14898
20268
7591
11350
20518
4462
5249
7228
18919
2663
19494
4266
15587
7532
16797
6531
12465
16442
16654
12714
13222
19704
15509
15551
5527
2860
16148
14676
14795
12977
9700
12655
17070
17266
1669
13672
17704
20804
3415
1730
16979
16647
13087
14693
236
7352
6277
11085
13432
18975
1520
18837
5800
4146
17787
4940
10598
17547
6222
1186
16104
19408
9863
511
19256
15116
16625
14428
4886
2117
11646
16455
10116
14371
11405
15934
7255
8353
7113
7850
1023
15480
15790
2414
13339
790
5269
13071
4436
4428
5246
266
9564
16524
7334
21294
7916
11144
13888
12667
11968
13131
20079
6587
18407
19460
11189
10510
8910
4659
1250
12769
19136
3739
11327
19411
18017
3258
8719
17386
9028
12979
5102
12218
593
19507
17084
16180
15176
11904
21312
6790
10756
6839
3829
19829
10662
13306
13200
3182
6820
20325
333
19652
2751
17561
847
17190
975
6749
13132
13219
20480
10839
18743
14577
2630
19686
19691
4451
20592
5934
4541
6422
18194
16778
3586
3940
16803
6293
12711
288
2861
18995
1629
15412
8716
9352
19328
11763
19943
3590
5084
376
1042
1438
17190
8562
20656
3224
2901
14139
5729
9733
11184
17029
10977
15451
18535
7208
11376
16917
3331
18246
19974
4277
6361
19762
1593
20612
20657
3558
8797
1335
11451
11573
5289
11799
7750
12380
11276
20325
7728
5324
12696
4193
9052
11139
10968
15505
9958
8170
17124
9519
3513
4093
13398
10480
2100
5519
5125
5671
8644
14370
14949
17861
11062
9650
5319
3540
4680
10827
6586
18815
6862
17378
20495
8689
13141
12197
10503
8408
15
9931
15372
4422
18221
4907
4731
