360730
193618
320867
237771
431491
409367
348316
28190
104775
526406
62742
350421
399618
353551
278591
192144
17211
493340
504749
278315
397420
434286
543530
484739
428516
238763
205438
225226
156733
361693
489696
124433
390928
444879
41491
518819
475650
140102
167530
522289
356570
299087
271510
287324
266291
388790
336681
445717
182337
489141
26935
296144
415627
191566
194432
230107
399872
119414
510145
537281
312931
337399
509523
223550
32457
306254
192210
243276
228721
268647
303340
239328
521383
18424
158796
184025
281734
447701
518763
328524
75023
114484
34105
203642
358262
501792
88805
489891
303631
355223
5856
307186
259841
542513
181043
278141
66537
526156
122748
500046
467940
540495
133546
275834
74661
309266
143974
524120
467276
249894
418972
277959
410207
514646
348835
509058
490124
9270
440238
239203
119535
405316
373771
330196
317541
13825
221072
97128
278948
351607
258847
97712
145876
441163
97841
469385
285816
298578
399969
57452
166989
530645
246857
413834
26383
199942
149393
190791
453449
178505
547332
357175
259462
153422
281357
180218
337270
118792
525349
164407
22099
160575
377592
354469
440010
212290
310833
269493
370851
117923
505918
240484
239025
521372
226626
197730
51022
522227
11828
181698
222311
252787
251210
34792
478947
48700
220962
226043
154922
504014
537648
242650
273989
276901
56903
438314
41947
493665
466009
171855
74949
482268
324889
45789
314796
484155
147352
286062
410653
244237
242382
66704
462034
124084
170856
332198
73790
130442
521978
300601
547242
195950
66785
389968
428478
473104
511530
334987
185391
407076
501503
194461
533433
12838
97485
480965
60045
156650
433402
541137
388933
242695
331181
547041
37178
78578
357871
384460
16793
345133
367720
506048
128236
33142
320270
232038
134526
2092
55814
313003
438850
526671
331471
34627
130476
540902
266227
224610
91892
533009
174531
75410
335752
495212
13733
535394
47770
538479
478661
93755
131714
389223
255642
69044
31431
41290
356272
236443
463537
401224
101959
8887
271074
100427
194265
431010
201519
164686
236361
446294
14070
312777
451266
2770
243102
268667
133194
446657
243972
31432
61581
341347
221141
255993
397035
411404
540737
358122
200329
195252
72389
361664
404957
404659
501972
211904
251999
274719
19227
149442
390726
429001
114233
529352
5017
12148
139356
37766
379095
148807
461509
474944
539847
269047
515198
137294
495450
516354
311074
77750
173667
285382
107825
105135
532423
252615
284508
108526
203231
527740
325738
57662
63433
371755
349610
20394
5905
545101
358317
488783
113905
11867
396131
506331
189244
273972
425326
469788
82008
545933
251303
40555
4216
339589
508718
459548
215850
546544
150502
35560
233567
302991
73233
22276
188329
16848
230477
43875
197220
151725
307552
536860
426400
105374
365555
429001
233159
384963
165815
10365
140825
544250
352887
89892
434813
103499
60919
89979
408086
445552
492663
172476
163984
389137
462676
126965
259324
335497
472271
117462
245374
79761
373550
200838
490612
229045
278368
450549
415418
100467
136482
122539
494152
478386
372458
1103
79620
232653
401089
359466
363305
180731
320524
63095
343803
391236
530151
499189
39544
337284
124331
323185
75468
81614
484014
460920
334054
547335
396415
76252
391993
343575
231901
142138
459339
70130
112055
411615
311713
104243
58843
194233
328173
54871
173221
137119
134617
269058
329181
89647
238944
537720
379703
525718
361847
455207
128419
451609
45338
180114
148912
273457
444092
134948
511684
107007
67491
489611
281496
547694
421125
62162
128428
142145
105839
299692
140396
387377
170583
469597
71062
314270
191032
486114
204464
28715
11879
442002
423086
365164
424318
202203
458887
10170
214824
138060
542577
317576
136314
64899
424001
148609
246863
260830
333461
275220
452748
308928
466205
22721
451223
298012
455207
95252
526895
55530
431795
514317
421023
337396
429673
375893
392658
178467
99729
168646
282000
136349
14728
66560
435640
491120
267103
193581
410181
57269
310439
35965
193020
318102
191106
274927
88222
310025
104114
175023
40014
428618
68586
249199
493348
254669
274670
343134
51892
204291
416195
75437
226317
52285
416730
141482
234011
388863
288599
291327
93716
22978
138887
409147
142889
181894
381451
135890
204734
208423
292009
78738
42800
201674
318321
519988
516321
271515
452166
213682
343661
302168
9486
455547
152424
479375
2558
411588
80699
61466
267329
213627
47359
151853
281663
272749
517014
377148
520474
309600
455787
541933
446364
464279
164458
80534
82709
534906
223210
257143
306900
346811
442592
156863
506289
355954
102285
270108
188101
371764
256805
116085
79251
405808
95166
323309
378284
527888
322834
499045
104860
394102
250397
132648
178745
384686
190052
241601
353358
517110
443875
544877
432825
133118
462932
509448
54498
348872
89747
274127
435694
146034
100686
384801
45869
404100
352524
189172
256066
179554
87711
196237
131419
422591
422368
320900
494987
451960
523016
38066
42505
30042
366187
176711
74034
123842
239054
517491
267436
401492
497902
101894
415244
460210
367359
541187
500315
149220
372660
468623
111537
443559
475879
52882
422810
146212
38940
237095
213925
512485
48493
214876
426418
308219
409917
209341
280117
405080
23702
100177
247832
315880
187541
211573
231101
48752
184916
155361
206374
185300
17208
16591
442235
250844
480312
425465
539636
304583
7725
36147
389334
213770
527726
78783
293631
386552
298649
527078
392148
497165
24052
106208
102653
201703
299015
12887
395552
313046
432568
47897
319288
354280
515556
485432
107931
386914
154044
236907
545536
225621
435900
180690
401354
520
436887
325941
442522
176819
514618
197853
144364
120259
362067
441901
10493
519454
373637
433571
469604
528215
251804
491887
224345
462773
479902
459800
94324
521595
4264
350058
473668
394330
312952
477446
247536
492611
543615
180908
133694
62692
545584
25551
509876
75289
146998
334302
189329
55705
321657
103477
70598
469121
24541
409428
70472
141045
327875
387315
249006
399193
309793
286687
211132
14604
517660
90775
472373
250865
281947
485559
488589
29873
3841
330510
472821
534195
329366
203719
318046
95872
436300
455163
508981
473119
43059
82240
200070
189459
484959
38733
324955
28464
221454
445526
78491
247925
75766
279590
387002
177708
33763
277531
267493
318695
26224
61986
463815
316404
370995
172677
318111
236214
56707
381195
299523
354225
62870
107603
49237
487898
50092
369081
182031
28130
334722
478373
12441
150732
22448
512352
31274
339230
140428
385783
274036
171124
315776
419912
206352
315433
58594
311273
506331
73758
473753
403854
284566
132861
315878
84986
180494
165650
541754
378382
480455
459871
473532
382308
168380
86865
528788
430382
355447
535180
91366
463306
266824
478229
125928
264807
126192
146626
432525
116915
217453
159600
432753
460102
42276
3752
124654
93337
486648
526686
231353
419719
375070
531118
5351
6347
303922
432487
446897
519181
