1641
426
1407
354
3559
366
2356
3352
3788
2398
2637
4020
2081
2369
1524
65
2098
2182
739
3903
201
2999
3844
572
317
4003
1400
2095
3601
2701
407
3673
1191
103
2386
1122
1841
1185
1064
2036
3081
1009
3919
2130
4011
3770
3407
2627
405
3894
101
1318
807
2035
2759
454
2320
2549
3578
2782
529
2013
3789
3951
556
2357
2089
3550
2109
3573
122
3487
2821
1783
590
3874
2220
1766
523
2022
2290
767
15
1453
1999
738
1059
3728
2995
3818
1937
3714
1550
3971
2291
3126
1031
2429
1680
1923
1091
3808
3881
1284
2453
3934
2635
3297
412
3124
598
3048
1997
995
1949
2173
806
1732
4073
2355
1722
2744
190
3742
1528
3168
1409
1550
2462
532
5
1841
2278
3271
2356
3526
3789
289
2901
922
94
2399
1033
259
595
1134
1419
3173
785
2262
1537
2516
3611
3250
1044
2593
3813
529
3499
1816
2303
3400
1597
548
1153
3818
3935
2890
4011
3733
816
1188
679
3955
523
3520
119
1599
2993
3778
596
1250
2129
3347
3919
3641
3043
824
1768
3764
1376
3839
3727
1421
1994
547
3625
1348
707
2522
1571
2156
2204
2287
950
3529
3936
2903
2829
3218
3635
3571
3862
2036
2723
382
1863
3517
917
1779
2627
2993
387
732
2445
3127
1472
1165
2725
1128
218
3762
3550
2959
3506
2210
2408
3611
3500
2654
2266
3780
1720
359
2395
3520
354
1082
1556
1676
3330
1041
3154
2157
618
1942
1176
3697
1554
973
7
3419
3834
3467
995
3318
1994
2370
4109
3326
4105
932
444
2220
2290
604
412
839
4060
3388
66
2522
1531
3511
1024
1796
3930
2968
8
840
1367
3530
2004
2095
1566
1707
3378
1421
1409
0
2810
1608
2510
2228
1606
2780
687
311
153
2992
2554
2977
94
2158
2499
2944
3388
239
1235
1412
1621
3932
2514
1107
1958
1762
1767
3529
739
4081
507
2428
2445
556
453
3971
3616
732
500
3763
1169
2358
3100
2109
2936
2374
2541
971
2303
2144
823
2210
2440
666
2016
79
1741
2410
2834
4028
703
2284
3467
2638
3490
3117
3176
3138
3288
3250
1296
1370
3798
2345
2613
2753
179
106
2734
443
941
4122
2350
1192
2496
1692
3405
4102
2261
3996
1809
2518
2824
746
1760
1635
1711
956
3330
1498
355
1091
2793
4060
3357
4113
59
2996
1193
927
1340
1512
1140
1930
1404
979
3872
94
3081
3352
662
3407
836
2711
3363
3564
2941
2883
3023
635
3516
63
1601
1705
3195
3897
1092
1485
1381
1082
3171
4111
3748
3479
701
2162
1284
1874
1722
3126
707
3037
857
3395
3112
1783
645
3495
2199
2936
223
3782
2854
1525
1892
1199
1291
2098
1543
218
1050
43
2332
2413
2585
513
3094
3943
399
3962
678
3956
1821
2606
3448
3307
605
2575
2474
2050
2077
1322
3765
2187
4005
932
1007
3707
2758
2036
2135
1775
3718
3981
2935
326
2187
3289
3841
251
1235
841
1135
692
3837
812
1766
532
2108
1115
2379
124
36
89
1485
1129
2209
2749
846
2228
390
3510
3979
1198
3103
399
3058
3865
1099
1981
523
726
4007
997
4107
804
837
868
3448
2428
439
3157
2394
2023
3629
702
2013
1003
3705
3573
1547
3304
94
916
3210
3685
3111
2918
1277
1778
2762
2401
1679
1286
3517
3903
1647
3696
2237
241
451
1367
3320
440
222
645
2281
1475
549
3920
3844
2926
3790
2593
2883
623
739
2147
1777
1287
665
2169
2157
209
3079
3584
845
753
173
1363
2946
603
2126
424
3702
3256
1697
2866
812
3743
3143
4003
2767
616
2709
3310
3915
3856
3758
54
3645
1080
1780
2981
1940
1900
3499
1055
951
3171
2181
3707
1009
3989
2714
346
841
1429
270
2903
3531
2149
816
836
427
902
2606
4102
1988
1340
2371
762
2076
746
1944
510
3813
254
2663
2676
527
1131
1281
25
3264
366
2066
594
3417
2206
3648
3196
2504
3889
965
4042
245
2784
73
2783
2582
197
479
3875
3037
588
2064
1290
497
3962
3414
4047
2899
3273
1315
3800
2380
2177
3623
2777
1821
1007
1455
3344
3598
3016
2663
1131
1763
678
311
3095
933
2342
262
1185
3762
3216
1201
1894
999
3650
2257
3984
3341
1555
195
3320
3817
3991
2272
902
1926
3994
2975
1320
1394
1528
1107
852
1061
2634
1066
3972
2932
3865
122
1900
305
1572
2629
3851
1140
1744
3919
2806
3614
3911
3659
2420
2054
1412
2993
191
2599
1402
1617
3559
3937
3079
533
383
3956
1435
2669
2075
23
2593
82
494
762
6
259
2134
538
1420
1700
1977
1588
3187
1827
2754
3292
2499
2419
1111
55
871
1009
2215
1254
1156
3575
3043
1645
2960
4132
959
2718
2054
1331
486
3187
265
4061
2195
372
2995
57
816
1568
2413
25
644
1481
2305
303
3951
3427
1951
1248
358
1283
281
3331
1739
1240
755
1554
3886
3891
4109
3513
437
3419
3615
1531
3498
242
3018
3223
362
2099
2283
2147
3941
2227
2179
2171
1575
3210
4128
155
813
3363
1654
3568
1980
646
546
2101
999
2804
3683
2164
3077
2903
1392
2675
253
1710
1013
3134
4053
858
3791
2111
996
3422
165
2637
262
1407
4136
2983
741
1242
3107
2815
307
465
1417
679
2999
3862
3664
1081
2772
290
534
1554
3284
3433
610
3967
3389
2006
3666
3778
1552
1943
941
2358
1460
120
2055
331
333
275
2370
3271
698
2202
1962
2543
3264
2940
3371
65
1640
341
2310
985
4106
3482
268
1110
2661
1947
2371
1086
147
1944
462
537
4024
3963
832
2743
1095
1382
1016
1511
3895
3842
1912
4051
1730
2002
1807
1821
1347
3410
1991
1121
1015
2086
1302
1293
1137
2536
424
2066
1240
696
2958
1132
3037
1580
3323
