2917
309914
113842
7994
74927
228168
178954
305052
229756
253555
68760
68634
71888
243858
98363
89768
141901
51435
42990
118726
131850
218174
21064
42340
37742
152941
25388
11289
19970
243621
10807
121502
130353
130302
90851
24849
212767
108205
78563
64156
113468
7530
44090
49395
167491
62264
152283
359559
23572
333007
102296
135055
109379
38273
100569
264973
256575
87816
27232
319652
107232
190293
56691
163234
4608
7216
46095
19120
199101
262185
89922
64905
90328
264201
150069
194215
171455
43498
99143
22464
7852
156748
142905
60387
188115
32227
89672
134655
105564
101147
82747
58202
263111
67010
6569
118524
36456
106637
36660
20794
106218
35358
334982
63451
34925
28924
332251
141855
343662
63543
140772
32211
167604
52030
232428
268241
200869
288931
322279
65902
52121
153848
69271
155478
49329
352482
127512
12907
139097
182845
281830
250944
98458
200725
341071
146596
418524
123877
260650
171955
71328
38785
202481
241197
241854
279265
177073
26381
5003
60090
309241
139378
138604
129035
237638
422464
58021
69595
411779
179922
237009
184130
203562
164256
71670
332474
137837
243300
295637
312594
29952
183358
7207
19984
179082
300093
187762
105199
91546
265224
167332
254649
176338
241249
39284
113223
79192
27146
144902
2133
90826
371795
267413
142849
87649
182125
29659
256762
51135
106951
30045
188108
239761
216740
272350
207414
56459
217142
33662
256606
169936
302413
174268
394909
181411
182323
359545
98424
288441
93086
218085
165371
114529
77344
259416
94122
104926
148696
124419
423117
78019
90776
202864
320808
209078
28360
63484
153393
265836
335914
323469
128379
231817
190335
288796
134970
202134
140516
396656
157094
135030
292685
26723
169256
272630
272713
240797
305014
166175
41874
103102
132314
184372
75959
45679
125952
131852
213870
2944
267936
319980
257927
98154
7206
49094
294691
76377
223116
111257
93059
260420
37875
211063
229533
11278
92318
49344
192545
192855
76039
163388
267178
247215
405951
120054
66162
101758
228126
66351
83448
93820
181265
169886
119190
45233
305563
121821
113527
279715
2904
66288
233664
93509
414445
61616
302234
282173
36587
147612
32635
138623
43343
385355
191840
318312
145402
214363
54891
150835
60344
297635
194571
161338
199437
38073
85075
88003
165418
249190
254583
319433
294762
45756
398483
117877
182250
106696
291130
80842
52634
96122
76350
112564
11659
412702
171706
238263
260219
408888
119595
291432
330464
116297
2914
295712
186520
245673
21156
247942
326327
81235
228257
20907
81281
174016
173293
133250
92724
339662
43748
67722
175002
134777
269827
374886
404400
323631
358855
247125
231916
361249
129843
334379
16542
209331
248567
191006
122655
155188
199557
185065
377221
412798
16991
341507
156448
46318
346965
295795
190678
184733
242450
308185
376790
103673
260420
108174
22431
247915
114348
287457
287504
296094
240874
371155
378382
238350
225436
210895
248129
336384
321953
332722
363625
88450
56182
92927
88439
286662
51425
369300
18836
305953
261716
246440
248935
138876
143977
195629
165663
196430
202023
55369
220328
98332
118460
78773
186513
126313
191438
172313
137079
179716
252794
110296
74820
132748
87394
5407
329971
206128
162975
118196
354483
339048
14392
312690
358022
142594
404809
417428
384580
6893
294562
194477
88345
250842
108880
138646
305762
291721
141647
8567
140406
133344
69458
65647
288798
276147
269812
41144
160033
278252
86646
268562
119292
197939
372091
207906
120534
388328
45120
420814
3574
26687
368633
287378
87065
368041
289733
382368
309419
106435
81324
244746
130568
19634
235469
422880
58852
249226
154714
45566
180688
412735
58815
225775
193459
186923
46541
295822
407441
60780
76089
250374
256852
24736
177476
334304
287453
239001
210759
301796
54571
54770
414593
130900
279713
187874
223865
419791
322876
416020
207897
366016
5119
386592
169562
102741
139809
216249
61946
307100
132736
321745
120530
207386
135400
53094
206868
264175
119934
120012
11569
113590
143679
45766
104172
154908
277221
246951
10668
18059
286822
221652
215118
303225
370935
74538
179638
288004
379156
238105
97551
221879
354543
160807
103771
175913
214118
99955
277683
148429
353382
67722
23235
172178
332539
183611
88123
183091
63143
333552
54029
29717
53732
292985
118818
182296
300885
151302
300004
373099
131981
294510
68420
82689
287660
120113
208565
326913
234774
28068
405171
160748
24694
236257
89247
293496
37553
113089
4622
23513
203876
72077
34116
200436
228054
88386
101112
171256
11043
42906
386470
382667
273527
177356
211741
418275
32523
283822
341904
63576
283096
146114
338932
258293
131486
199773
239052
260279
389880
67293
172118
67101
317583
76976
360360
33270
363038
177966
231950
140741
263878
71245
114286
301635
79136
37340
147814
249101
198008
142822
387560
214175
128686
307060
255656
286940
368743
41285
80811
398686
373990
56726
179804
289074
48930
316231
121155
32364
151181
358043
243908
24801
400156
129499
345761
292865
192230
367722
414804
340465
211570
139154
298290
260709
57294
208512
399132
97763
332596
121034
50308
79328
318098
174813
80848
36987
303771
342207
44215
101966
13089
385380
251179
151483
390362
221765
119490
135000
54402
264780
260713
80683
388503
404955
166272
156654
276248
2263
55881
131319
401746
43247
311217
79289
294666
36623
393917
147195
231251
402727
38631
75253
364132
208073
88095
59865
128075
143698
318873
235136
369286
272532
86718
327868
306328
175948
53680
267571
385540
90389
153068
266106
288797
194602
99651
102036
381004
400970
116993
293583
227475
411165
98524
45759
62322
323964
61931
126558
314192
115949
387170
71033
288779
56895
408834
196814
206776
197367
407023
188409
54986
154271
325698
185808
2801
173932
397931
166090
208742
264024
412518
128872
373733
4702
340512
260258
22225
243628
257941
20436
382267
310041
253589
233463
97707
357492
243745
353180
319380
240424
35133
204439
103713
223032
304130
415460
414816
277314
363453
337834
205179
232242
181315
155109
317609
151631
66303
211042
386129
353315
132812
379360
165199
167420
230149
130090
151675
59629
143070
387514
272158
143097
38754
238213
51323
329785
147056
89039
24306
59300
379279
198889
84721
161933
34418
58095
243858
180447
65813
62957
250900
20218
379837
193340
159395
304284
377831
340819
325112
22538
56873
292473
360988
357245
90068
213563
419168
21250
122457
80676
172873
403799
167429
326090
196441
383493
153165
70716
354610
109351
169564
117949
313922
47719
321542
276681
271097
274230
165054
145035
192192
409292
259993
45078
394699
335771
284065
113036
254421
129643
392978
141786
250552
262601
291903
266036
330488
6017
410153
196085
421937
259507
225451
148814
136425
379902
263392
87633
249729
320049
356537
162767
183729
397738
118054
135274
82322
23426
339589
347285
405005
184763
46860
68511
334919
270793
293776
